1  header
Family	SF	1_q	2_q	3_q	4_q
1	0.420338745056	0.188210600852	0.501081586782	-0.512853441868	-0.671174612362
4	0.483654742071	0.188210600852	0.501081586782	-0.512853441868	-0.671174612362
4	0.479109530269	0.188210600852	0.501081586782	-0.512853441868	-0.671174612362
1	0.356460797234	0.257286019476	-0.293392436507	-0.319190462243	-0.8636215787
3	0.489007304326	0.257286019476	-0.293392436507	-0.319190462243	-0.8636215787
4	0.471475215761	0.257286019476	-0.293392436507	-0.319190462243	-0.8636215787
1	0.367919601959	0.476279631447	-0.155894259514	0.846669690607	-0.178899769498
3	0.488350653591	0.476279631447	-0.155894259514	0.846669690607	-0.178899769498
4	0.459330222393	0.476279631447	-0.155894259514	0.846669690607	-0.178899769498
2	0.466112131313	0.414657999523	0.432963631585	-0.473720004641	0.645128354949
3	0.487888473141	0.414657999523	0.432963631585	-0.473720004641	0.645128354949
4	0.493870177716	0.414657999523	0.432963631585	-0.473720004641	0.645128354949
2	0.480831269783	0.347280626869	0.275328526754	0.0223031894748	-0.896154527019
4	0.480355435826	0.347280626869	0.275328526754	0.0223031894748	-0.896154527019
1	0.42236350269	0.128977137065	0.25540269452	-0.931730648256	-0.223634435738
3	0.3789536034	0.128977137065	0.25540269452	-0.931730648256	-0.223634435738
3	0.40530235141	0.128977137065	0.25540269452	-0.931730648256	-0.223634435738
4	0.493855128431	0.62201307452	-0.678751088407	0.352243477329	-0.168289119646
4	0.494726110721	0.62201307452	-0.678751088407	0.352243477329	-0.168289119646
1	0.463997916546	0.34453118277	-0.351967397413	0.372176976282	-0.786702938588
4	0.453375613341	0.34453118277	-0.351967397413	0.372176976282	-0.786702938588
4	0.453304378666	0.34453118277	-0.351967397413	0.372176976282	-0.786702938588
1	0.496568158081	0.401335430452	0.903518690881	0.11307753903	-0.0989814005778
3	0.354667120633	0.401335430452	0.903518690881	0.11307753903	-0.0989814005778
3	0.499582243632	0.717824755351	0.194240001809	-0.66608622916	-0.0576851594946
3	0.387891570399	0.717824755351	0.194240001809	-0.66608622916	-0.0576851594946
4	0.490023088502	0.717824755351	0.194240001809	-0.66608622916	-0.0576851594946
4	0.430479647032	0.717824755351	0.194240001809	-0.66608622916	-0.0576851594946
2	0.462727407943	0.586552477946	-0.371498352317	0.118351878777	0.709885904657
3	0.496731817288	0.586552477946	-0.371498352317	0.118351878777	0.709885904657
4	0.499311158	0.586552477946	-0.371498352317	0.118351878777	0.709885904657
1	0.36459801916	0.270455803239	-0.837970702889	-0.0542598048994	-0.47086583351
3	0.464269534613	0.270455803239	-0.837970702889	-0.0542598048994	-0.47086583351
4	0.454114957324	0.270455803239	-0.837970702889	-0.0542598048994	-0.47086583351
1	0.375478430132	0.783868292795	0.324259789889	0.521529872881	-0.0917206623621
3	0.422016355508	0.783868292795	0.324259789889	0.521529872881	-0.0917206623621
3	0.386652444594	0.783868292795	0.324259789889	0.521529872881	-0.0917206623621
4	0.400968134982	0.783868292795	0.324259789889	0.521529872881	-0.0917206623621
3	0.494424086739	0.97878338934	0.186951503441	-0.0740389730384	0.0393756597901
3	0.427273196719	0.97878338934	0.186951503441	-0.0740389730384	0.0393756597901
4	0.487574067207	0.97878338934	0.186951503441	-0.0740389730384	0.0393756597901
4	0.451775240198	0.97878338934	0.186951503441	-0.0740389730384	0.0393756597901
1	0.405137262776	0.169364819954	-0.804282408269	-0.498325859404	0.275892557638
3	0.462686730428	0.169364819954	-0.804282408269	-0.498325859404	0.275892557638
3	0.447530291778	0.169364819954	-0.804282408269	-0.498325859404	0.275892557638
1	0.494080423094	0.640412763585	-0.650014933475	-0.377594796875	-0.157398373146
3	0.359587050778	0.640412763585	-0.650014933475	-0.377594796875	-0.157398373146
4	0.321263187749	0.640412763585	-0.650014933475	-0.377594796875	-0.157398373146
1	0.441174075563	0.734708721581	0.0956343346906	0.456004164255	0.493069336548
3	0.457179247076	0.734708721581	0.0956343346906	0.456004164255	0.493069336548
1	0.448778187787	0.330598478377	0.882545950634	-0.0781765828086	0.325124150157
3	0.42153499826	0.330598478377	0.882545950634	-0.0781765828086	0.325124150157
1	0.460166865618	0.103992623617	0.438817509763	0.500781373759	-0.73881171015
3	0.432480659879	0.103992623617	0.438817509763	0.500781373759	-0.73881171015
2	0.497193706377	0.936915034058	-0.0590542206593	-0.330393955157	-0.0976865004701
4	0.411702306413	0.936915034058	-0.0590542206593	-0.330393955157	-0.0976865004701
4	0.455877934323	0.936915034058	-0.0590542206593	-0.330393955157	-0.0976865004701
2	0.423304270356	0.388803961099	-0.571650155248	0.58373998929	0.425787746116
2	0.43944991881	0.388803961099	-0.571650155248	0.58373998929	0.425787746116
4	0.427166331991	0.388803961099	-0.571650155248	0.58373998929	0.425787746116
4	0.418966701208	0.388803961099	-0.571650155248	0.58373998929	0.425787746116
4	0.385840124375	0.388803961099	-0.571650155248	0.58373998929	0.425787746116
4	0.485298907655	0.00462949815902	-0.0110554313275	-0.595003433003	-0.803633784693
4	0.480035086004	0.00462949815902	-0.0110554313275	-0.595003433003	-0.803633784693
4	0.467571075234	0.00462949815902	-0.0110554313275	-0.595003433003	-0.803633784693
2	0.486303040121	0.820064252717	-0.0391008542945	0.0293107683917	-0.570181219847
4	0.472145035063	0.820064252717	-0.0391008542945	0.0293107683917	-0.570181219847
2	0.469711209962	0.0194921736624	-0.314937985947	0.946356201743	-0.0695992786972
4	0.470924913166	0.0194921736624	-0.314937985947	0.946356201743	-0.0695992786972
4	0.404116183041	0.0194921736624	-0.314937985947	0.946356201743	-0.0695992786972
4	0.497119773142	0.559924374937	0.763629066231	-0.252911355785	-0.198472138278
4	0.497350941613	0.559924374937	0.763629066231	-0.252911355785	-0.198472138278
2	0.495104294884	0.803913903992	-0.0769300621345	-0.57204710012	-0.143409608302
4	0.451555076435	0.803913903992	-0.0769300621345	-0.57204710012	-0.143409608302
4	0.414962094883	0.803913903992	-0.0769300621345	-0.57204710012	-0.143409608302
2	0.499040319931	0.277681999132	-0.571624938334	0.747895611939	0.191806649716
4	0.449890200432	0.277681999132	-0.571624938334	0.747895611939	0.191806649716
4	0.420924256522	0.277681999132	-0.571624938334	0.747895611939	0.191806649716
1	0.41443805168	0.249743905958	-0.697862041075	0.254223501851	-0.621278491636
1	0.443995504913	0.249743905958	-0.697862041075	0.254223501851	-0.621278491636
3	0.408850278503	0.249743905958	-0.697862041075	0.254223501851	-0.621278491636
3	0.42382669038	0.249743905958	-0.697862041075	0.254223501851	-0.621278491636
1	0.441743927821	0.86011162723	0.379365533267	0.261169800889	-0.219271785635
3	0.459282955971	0.86011162723	0.379365533267	0.261169800889	-0.219271785635
1	0.434740616457	0.471618385263	0.578030662448	-0.665074538038	-0.0336527978897
3	0.456387300261	0.471618385263	0.578030662448	-0.665074538038	-0.0336527978897
1	0.489187191832	0.478093196168	-0.662822056884	-0.0528891580309	0.573843666558
3	0.384821136781	0.478093196168	-0.662822056884	-0.0528891580309	0.573843666558
1	0.396497378936	0.84222716011	-0.317507054887	0.013790542584	-0.435491104164
3	0.456046884961	0.84222716011	-0.317507054887	0.013790542584	-0.435491104164
3	0.456342247885	0.84222716011	-0.317507054887	0.013790542584	-0.435491104164
1	0.328036454767	0.181390102434	0.611073791293	0.76485258147	0.0932039749879
3	0.494597699122	0.181390102434	0.611073791293	0.76485258147	0.0932039749879
4	0.48379253353	0.181390102434	0.611073791293	0.76485258147	0.0932039749879
1	0.350781901018	0.487438741674	0.691992867634	-0.394053584476	0.358149573252
3	0.489480473361	0.487438741674	0.691992867634	-0.394053584476	0.358149573252
4	0.473784512193	0.487438741674	0.691992867634	-0.394053584476	0.358149573252
3	0.498896472095	0.0155947641846	-0.491099226534	-0.210760890678	0.845078812886
4	0.4861872328	0.0155947641846	-0.491099226534	-0.210760890678	0.845078812886
3	0.476804000985	0.38644516541	-0.523927000633	-0.754220056252	-0.0855145536448
3	0.441116015075	0.38644516541	-0.523927000633	-0.754220056252	-0.0855145536448
4	0.470973583435	0.38644516541	-0.523927000633	-0.754220056252	-0.0855145536448
4	0.489999231778	0.38644516541	-0.523927000633	-0.754220056252	-0.0855145536448
3	0.494967389966	0.577473638485	-0.149165448849	0.703285350164	0.386863777019
4	0.48247106659	0.577473638485	-0.149165448849	0.703285350164	0.386863777019
1	0.498317605623	0.671896174593	0.384620738221	0.148893977641	0.615185339324
1	0.454068334971	0.0481161753276	0.220702072523	0.836223785413	-0.499705122613
4	0.405092190581	0.0481161753276	0.220702072523	0.836223785413	-0.499705122613
4	0.456771732181	0.0481161753276	0.220702072523	0.836223785413	-0.499705122613
4	0.482748421168	0.55201448255	-0.370067063943	-0.527515578349	0.529204774958
4	0.488290632286	0.55201448255	-0.370067063943	-0.527515578349	0.529204774958
4	0.471238001004	0.55201448255	-0.370067063943	-0.527515578349	0.529204774958
1	0.400075830128	0.11078281772	0.0884121813176	-0.241183247724	-0.960073483912
3	0.48589228569	0.11078281772	0.0884121813176	-0.241183247724	-0.960073483912
4	0.444517161205	0.11078281772	0.0884121813176	-0.241183247724	-0.960073483912
2	0.488599810673	0.0408055561357	-0.887777565224	-0.361245953976	-0.282289323228
4	0.480114549575	0.0408055561357	-0.887777565224	-0.361245953976	-0.282289323228
4	0.361082062684	0.0408055561357	-0.887777565224	-0.361245953976	-0.282289323228
2	0.466485164442	0.565462370705	0.19294719363	0.741424062503	-0.305473480565
3	0.480466086683	0.565462370705	0.19294719363	0.741424062503	-0.305473480565
4	0.489832463868	0.565462370705	0.19294719363	0.741424062503	-0.305473480565
1	0.393196758514	0.568197044318	0.15914958484	-0.478308967697	0.650418372968
3	0.451103421366	0.568197044318	0.15914958484	-0.478308967697	0.650418372968
3	0.438998175149	0.106325803305	0.853423039457	-0.283158291395	-0.424482415761
4	0.381788857842	0.106325803305	0.853423039457	-0.283158291395	-0.424482415761
4	0.431912775676	0.106325803305	0.853423039457	-0.283158291395	-0.424482415761
1	0.44310679602	0.274020044818	-0.112254318181	-0.677249652513	-0.673531655721
4	0.457844471522	0.274020044818	-0.112254318181	-0.677249652513	-0.673531655721
4	0.473469574996	0.274020044818	-0.112254318181	-0.677249652513	-0.673531655721
4	0.386121444043	0.274020044818	-0.112254318181	-0.677249652513	-0.673531655721
1	0.461891555713	0.898381625488	-0.348720919716	0.128184779575	0.234249519579
3	0.428200149874	0.898381625488	-0.348720919716	0.128184779575	0.234249519579
1	0.482884974065	0.297362825236	-0.787670951077	0.288598223691	-0.455917633219
4	0.405302138561	0.297362825236	-0.787670951077	0.288598223691	-0.455917633219
1	0.484628126784	0.796913477583	0.50016742474	0.337236886297	-0.0321362567185
4	0.397277264387	0.796913477583	0.50016742474	0.337236886297	-0.0321362567185
4	0.428154426796	0.796913477583	0.50016742474	0.337236886297	-0.0321362567185
4	0.496686146405	0.974567050318	0.138105977775	-0.131894273306	0.117259131872
2	0.47920882923	0.0771691332965	-0.985717189952	-0.10162448231	0.109904553565
4	0.492205237101	0.0771691332965	-0.985717189952	-0.10162448231	0.109904553565
2	0.465720788668	0.386689900659	-0.701163561442	-0.401852074117	-0.444247106194
4	0.490806022537	0.386689900659	-0.701163561442	-0.401852074117	-0.444247106194
4	0.439243332466	0.386689900659	-0.701163561442	-0.401852074117	-0.444247106194
2	0.435673369984	0.822748091972	0.0625787365421	0.561340292221	0.0637695477283
4	0.47671498399	0.822748091972	0.0625787365421	0.561340292221	0.0637695477283
4	0.462304191422	0.822748091972	0.0625787365421	0.561340292221	0.0637695477283
1	0.440611698848	0.334062305949	0.937475785137	0.0566084520843	0.0796053464229
3	0.417625432358	0.334062305949	0.937475785137	0.0566084520843	0.0796053464229
3	0.437291664788	0.334062305949	0.937475785137	0.0566084520843	0.0796053464229
4	0.467335814777	0.273681800006	-0.380617862189	-0.616207178675	0.632864146779
4	0.445217572682	0.273681800006	-0.380617862189	-0.616207178675	0.632864146779
1	0.471628510447	0.822569082525	-0.390148286847	-0.22430107934	0.347639820147
4	0.445631708948	0.822569082525	-0.390148286847	-0.22430107934	0.347639820147
4	0.408969831928	0.822569082525	-0.390148286847	-0.22430107934	0.347639820147
1	0.438943276853	0.173082540409	0.199038300362	0.846611493091	0.462250115156
4	0.474937822052	0.173082540409	0.199038300362	0.846611493091	0.462250115156
4	0.453762500012	0.173082540409	0.199038300362	0.846611493091	0.462250115156
2	0.487977146627	0.153241252209	0.653336050595	-0.0326978548562	0.740675349868
4	0.486876060102	0.153241252209	0.653336050595	-0.0326978548562	0.740675349868
2	0.461723861663	0.635130395408	0.194889325172	0.241640336761	-0.707274684556
4	0.41135004468	0.635130395408	0.194889325172	0.241640336761	-0.707274684556
4	0.452153437523	0.635130395408	0.194889325172	0.241640336761	-0.707274684556
3	0.497864753511	0.200721167028	-0.142893095433	-0.961132395777	0.124567628912
4	0.497111119301	0.200721167028	-0.142893095433	-0.961132395777	0.124567628912
1	0.414268777407	0.0828880871531	-0.564054295284	0.546519776367	0.61342354945
3	0.453179673899	0.0828880871531	-0.564054295284	0.546519776367	0.61342354945
3	0.443406376244	0.0828880871531	-0.564054295284	0.546519776367	0.61342354945
1	0.47616330119	0.0722851979673	0.365203827596	0.379373494034	0.847040002885
3	0.402171520658	0.0722851979673	0.365203827596	0.379373494034	0.847040002885
1	0.437146692315	0.302198084377	-0.170575611774	0.903513629953	-0.251482402874
3	0.396841107455	0.302198084377	-0.170575611774	0.903513629953	-0.251482402874
3	0.466911045354	0.302198084377	-0.170575611774	0.903513629953	-0.251482402874
1	0.411300197085	0.243063510018	0.105815003414	-0.703186987691	0.65973583766
4	0.485587747734	0.243063510018	0.105815003414	-0.703186987691	0.65973583766
4	0.419716922249	0.243063510018	0.105815003414	-0.703186987691	0.65973583766
4	0.466751270325	0.243063510018	0.105815003414	-0.703186987691	0.65973583766
1	0.406783781399	0.503985008201	0.361731753124	-0.174340913471	-0.76469241933
1	0.439057463552	0.503985008201	0.361731753124	-0.174340913471	-0.76469241933
3	0.438763540805	0.503985008201	0.361731753124	-0.174340913471	-0.76469241933
3	0.419538152536	0.503985008201	0.361731753124	-0.174340913471	-0.76469241933
1	0.356908544928	0.354334024065	-0.275975336186	-0.805107148638	-0.387411270383
3	0.492840463346	0.354334024065	-0.275975336186	-0.805107148638	-0.387411270383
4	0.469117390241	0.354334024065	-0.275975336186	-0.805107148638	-0.387411270383
1	0.410222506795	0.782918560442	-0.292794288327	0.548759528916	-0.0131533973593
3	0.463940551872	0.782918560442	-0.292794288327	0.548759528916	-0.0131533973593
4	0.431621517306	0.782918560442	-0.292794288327	0.548759528916	-0.0131533973593
2	0.430517955986	0.241470309312	0.204851510345	-0.131072592231	0.939440218426
2	0.415787272894	0.241470309312	0.204851510345	-0.131072592231	0.939440218426
4	0.439645578121	0.241470309312	0.204851510345	-0.131072592231	0.939440218426
4	0.448167170826	0.241470309312	0.204851510345	-0.131072592231	0.939440218426
2	0.46831783851	0.202462939747	0.86652269043	0.398870375402	-0.221471462326
4	0.48907718261	0.202462939747	0.86652269043	0.398870375402	-0.221471462326
4	0.491695489197	0.484501963651	0.420618403555	-0.624773035105	-0.44496815663
4	0.493609660481	0.484501963651	0.420618403555	-0.624773035105	-0.44496815663
1	0.464592330903	0.854062422461	-0.48615816438	0.019934970049	0.183929917949
4	0.365440094146	0.854062422461	-0.48615816438	0.019934970049	0.183929917949
4	0.456891924401	0.854062422461	-0.48615816438	0.019934970049	0.183929917949
4	0.440243130018	0.854062422461	-0.48615816438	0.019934970049	0.183929917949
1	0.492042072837	0.430515197332	-0.891360912154	-0.0897408070691	-0.109904397986
4	0.333197491246	0.430515197332	-0.891360912154	-0.0897408070691	-0.109904397986
4	0.374015265779	0.430515197332	-0.891360912154	-0.0897408070691	-0.109904397986
4	0.494253602674	0.538621473479	0.360376572519	0.586484818996	0.485850997092
4	0.458103213751	0.538621473479	0.360376572519	0.586484818996	0.485850997092
4	0.495352739004	0.538621473479	0.360376572519	0.586484818996	0.485850997092
2	0.47370250564	0.58933521696	0.34271884149	-0.123205638389	0.721143653101
3	0.492220221745	0.58933521696	0.34271884149	-0.123205638389	0.721143653101
4	0.498181136065	0.58933521696	0.34271884149	-0.123205638389	0.721143653101
2	0.430975529999	0.132385822505	0.695850321868	0.450330839373	-0.543570104647
3	0.490984547964	0.132385822505	0.695850321868	0.450330839373	-0.543570104647
3	0.42312814556	0.132385822505	0.695850321868	0.450330839373	-0.543570104647
4	0.458311590417	0.132385822505	0.695850321868	0.450330839373	-0.543570104647
4	0.494486508091	0.132385822505	0.695850321868	0.450330839373	-0.543570104647
1	0.376076869053	0.807589333019	-0.255450147263	-0.531298134992	0.0163396208937
3	0.48720115693	0.807589333019	-0.255450147263	-0.531298134992	0.0163396208937
4	0.462110600023	0.807589333019	-0.255450147263	-0.531298134992	0.0163396208937
2	0.454654697536	0.664483297466	-0.0425692777503	0.14438415652	0.731985668799
4	0.464220136703	0.664483297466	-0.0425692777503	0.14438415652	0.731985668799
4	0.420909544185	0.664483297466	-0.0425692777503	0.14438415652	0.731985668799
3	0.47546280588	0.0926693488468	0.857111659979	0.486826504874	0.140612759962
3	0.450119007336	0.0926693488468	0.857111659979	0.486826504874	0.140612759962
4	0.47411534205	0.0926693488468	0.857111659979	0.486826504874	0.140612759962
4	0.487626358303	0.0926693488468	0.857111659979	0.486826504874	0.140612759962
1	0.41985145344	0.206350933967	0.0870501917309	0.795139607424	-0.563555286441
4	0.427119922711	0.206350933967	0.0870501917309	0.795139607424	-0.563555286441
4	0.478036457289	0.206350933967	0.0870501917309	0.795139607424	-0.563555286441
1	0.416614485748	0.637784472478	-0.0671824368101	-0.543382673486	0.541712799374
1	0.444202069596	0.637784472478	-0.0671824368101	-0.543382673486	0.541712799374
3	0.418687614123	0.637784472478	-0.0671824368101	-0.543382673486	0.541712799374
4	0.364501505314	0.637784472478	-0.0671824368101	-0.543382673486	0.541712799374
1	0.428259120121	0.0264164085449	0.671626833598	-0.643399065242	-0.366411261558
3	0.461961243531	0.0264164085449	0.671626833598	-0.643399065242	-0.366411261558
1	0.433837619922	0.0941513399798	-0.490037173744	-0.535224411253	-0.68156725503
3	0.433736506805	0.0941513399798	-0.490037173744	-0.535224411253	-0.68156725503
4	0.344493248716	0.0941513399798	-0.490037173744	-0.535224411253	-0.68156725503
1	0.415778336484	0.781639720353	-0.0766534548201	0.429820866751	-0.445440925305
3	0.47887920889	0.781639720353	-0.0766534548201	0.429820866751	-0.445440925305
2	0.451665201851	0.338147133767	0.580800605175	-0.640121186533	0.372252655471
2	0.403754700039	0.338147133767	0.580800605175	-0.640121186533	0.372252655471
4	0.443446162344	0.338147133767	0.580800605175	-0.640121186533	0.372252655471
4	0.418035170616	0.338147133767	0.580800605175	-0.640121186533	0.372252655471
2	0.494657968688	0.139640162135	0.643080593767	0.0583452525153	-0.750695548507
4	0.471200394691	0.139640162135	0.643080593767	0.0583452525153	-0.750695548507
1	0.435869550101	0.336805258193	0.0730659544756	-0.26249462148	-0.901288054977
3	0.459402796624	0.336805258193	0.0730659544756	-0.26249462148	-0.901288054977
1	0.380148790513	0.232671510953	-0.856125804797	0.451211780196	-0.0965427561444
3	0.47838524219	0.232671510953	-0.856125804797	0.451211780196	-0.0965427561444
3	0.448713096228	0.232671510953	-0.856125804797	0.451211780196	-0.0965427561444
4	0.441449937962	0.232671510953	-0.856125804797	0.451211780196	-0.0965427561444
4	0.476105285288	0.287725329481	-0.392369654654	0.661454259295	-0.57073501009
4	0.480832405074	0.287725329481	-0.392369654654	0.661454259295	-0.57073501009
1	0.390181685051	0.836553867928	0.528683670239	-0.0535081204147	-0.133446933003
4	0.493404496375	0.836553867928	0.528683670239	-0.0535081204147	-0.133446933003
4	0.485482662075	0.836553867928	0.528683670239	-0.0535081204147	-0.133446933003
2	0.471002610508	0.418727137028	0.0601749522816	-0.906030850972	-0.0124361136051
4	0.456505508929	0.418727137028	0.0601749522816	-0.906030850972	-0.0124361136051
4	0.412559173147	0.418727137028	0.0601749522816	-0.906030850972	-0.0124361136051
2	0.477232527385	0.430784357491	-0.600392182695	0.35373200606	0.573435028742
4	0.416864479277	0.430784357491	-0.600392182695	0.35373200606	0.573435028742
4	0.473711607743	0.430784357491	-0.600392182695	0.35373200606	0.573435028742
1	0.377356140544	0.497874262365	-0.39562540902	0.0527666170085	-0.769946386927
3	0.482172584758	0.497874262365	-0.39562540902	0.0527666170085	-0.769946386927
3	0.444585494457	0.497874262365	-0.39562540902	0.0527666170085	-0.769946386927
4	0.447527031147	0.497874262365	-0.39562540902	0.0527666170085	-0.769946386927
1	0.429544958209	0.534104030459	0.577424670712	0.616470464002	-0.0357463468674
3	0.423393530205	0.534104030459	0.577424670712	0.616470464002	-0.0357463468674
3	0.462522513052	0.534104030459	0.577424670712	0.616470464002	-0.0357463468674
1	0.479525552458	0.785583439002	0.500217877498	-0.351308076944	0.0960383801991
3	0.384799059883	0.785583439002	0.500217877498	-0.351308076944	0.0960383801991
4	0.358152665114	0.785583439002	0.500217877498	-0.351308076944	0.0960383801991
4	0.398060799464	0.785583439002	0.500217877498	-0.351308076944	0.0960383801991
3	0.476096439209	0.495963325786	-0.204222424058	-0.0716547239372	0.84093946365
3	0.456750163243	0.495963325786	-0.204222424058	-0.0716547239372	0.84093946365
4	0.484710668171	0.495963325786	-0.204222424058	-0.0716547239372	0.84093946365
4	0.474396991569	0.495963325786	-0.204222424058	-0.0716547239372	0.84093946365
1	0.436505393827	0.30602466467	-0.905403931479	-0.28847774591	-0.0580793904094
3	0.455478065482	0.30602466467	-0.905403931479	-0.28847774591	-0.0580793904094
4	0.406705570796	0.30602466467	-0.905403931479	-0.28847774591	-0.0580793904094
1	0.365410072226	0.205344903704	-0.100000627424	0.738808858343	0.634030611147
4	0.463434033903	0.205344903704	-0.100000627424	0.738808858343	0.634030611147
4	0.483260677793	0.205344903704	-0.100000627424	0.738808858343	0.634030611147
4	0.458106428057	0.205344903704	-0.100000627424	0.738808858343	0.634030611147
3	0.494319732997	0.138959273867	0.456422850166	0.148075169615	0.866280697116
3	0.428731636664	0.138959273867	0.456422850166	0.148075169615	0.866280697116
4	0.48235723033	0.138959273867	0.456422850166	0.148075169615	0.866280697116
3	0.498233623066	0.319580003398	0.283736234709	0.837973685196	-0.339355968654
4	0.482090391133	0.319580003398	0.283736234709	0.837973685196	-0.339355968654
2	0.4456127709	0.630974338365	0.145821377331	-0.654046049463	0.39093640841
3	0.498318049317	0.630974338365	0.145821377331	-0.654046049463	0.39093640841
4	0.493241495872	0.630974338365	0.145821377331	-0.654046049463	0.39093640841
2	0.475045074078	0.0691091679388	-0.315112019855	0.139045119099	0.93626641118
3	0.491298314345	0.0691091679388	-0.315112019855	0.139045119099	0.93626641118
4	0.497896130396	0.0691091679388	-0.315112019855	0.139045119099	0.93626641118
4	0.469311111386	0.0375745194664	0.296916577895	0.759706272677	0.577299818563
4	0.486771510888	0.0375745194664	0.296916577895	0.759706272677	0.577299818563
4	0.453210242322	0.0375745194664	0.296916577895	0.759706272677	0.577299818563
4	0.458879311276	0.61804461032	-0.324222825262	0.493232600374	-0.519251404584
4	0.487933731613	0.61804461032	-0.324222825262	0.493232600374	-0.519251404584
4	0.452108467189	0.61804461032	-0.324222825262	0.493232600374	-0.519251404584
4	0.475719259477	0.61804461032	-0.324222825262	0.493232600374	-0.519251404584
2	0.445613488213	0.0318814510181	0.0244862779705	-0.0992699280758	0.994248196705
3	0.415210969662	0.0318814510181	0.0244862779705	-0.0992699280758	0.994248196705
4	0.458115687016	0.0318814510181	0.0244862779705	-0.0992699280758	0.994248196705
4	0.485946634622	0.0318814510181	0.0244862779705	-0.0992699280758	0.994248196705
2	0.481059540177	0.0804484555331	0.9151492347	-0.390824481977	-0.0573249380132
4	0.494729774596	0.0804484555331	0.9151492347	-0.390824481977	-0.0573249380132
2	0.452852780502	0.510102075774	-0.192045920279	-0.784074079895	-0.29688730864
3	0.475497567713	0.510102075774	-0.192045920279	-0.784074079895	-0.29688730864
4	0.484610278717	0.510102075774	-0.192045920279	-0.784074079895	-0.29688730864
2	0.46353982736	0.783043972912	-0.321482128066	0.469597239864	0.250937861097
3	0.495962246367	0.783043972912	-0.321482128066	0.469597239864	0.250937861097
4	0.498566774362	0.783043972912	-0.321482128066	0.469597239864	0.250937861097
3	0.497590192593	0.0278614536503	-0.843912388558	0.411636787539	-0.34291511338
4	0.492420062033	0.0278614536503	-0.843912388558	0.411636787539	-0.34291511338
1	0.413672520099	0.565083540032	0.648639831813	0.357500534652	-0.363511112752
3	0.446769853258	0.565083540032	0.648639831813	0.357500534652	-0.363511112752
4	0.339405589606	0.565083540032	0.648639831813	0.357500534652	-0.363511112752
1	0.4989897727	0.824762637358	0.265189486526	-0.364597953169	-0.341334822131
3	0.316235802741	0.824762637358	0.265189486526	-0.364597953169	-0.341334822131
1	0.477968896334	0.398273386571	-0.88166015965	-0.0242851171228	0.251920434903
3	0.389230804429	0.398273386571	-0.88166015965	-0.0242851171228	0.251920434903
4	0.358975799148	0.398273386571	-0.88166015965	-0.0242851171228	0.251920434903
4	0.396035697928	0.398273386571	-0.88166015965	-0.0242851171228	0.251920434903
1	0.476156534202	0.515342896267	-0.660772173057	0.0770898035182	-0.540239758603
4	0.376477302005	0.515342896267	-0.660772173057	0.0770898035182	-0.540239758603
4	0.427156915598	0.515342896267	-0.660772173057	0.0770898035182	-0.540239758603
1	0.386881479936	0.938239723316	0.220940272887	0.236061504528	0.123152683647
3	0.487956973918	0.938239723316	0.220940272887	0.236061504528	0.123152683647
4	0.450687712516	0.938239723316	0.220940272887	0.236061504528	0.123152683647
2	0.458889673677	0.208691373085	0.806782619941	-0.549660153745	0.0585100875484
3	0.497129877643	0.208691373085	0.806782619941	-0.549660153745	0.0585100875484
4	0.429630443833	0.208691373085	0.806782619941	-0.549660153745	0.0585100875484
4	0.49968059139	0.208691373085	0.806782619941	-0.549660153745	0.0585100875484
1	0.43962836291	0.190642544557	-0.75165461254	-0.242444779389	0.583001966206
3	0.463815773501	0.190642544557	-0.75165461254	-0.242444779389	0.583001966206
2	0.47557073485	0.719257624337	-0.338036684996	-0.416512794932	-0.441493783747
4	0.475453239551	0.719257624337	-0.338036684996	-0.416512794932	-0.441493783747
2	0.494099023365	0.378519887145	-0.108614339663	0.913575148372	0.101518808764
4	0.47510393344	0.378519887145	-0.108614339663	0.913575148372	0.101518808764
4	0.450578974233	0.642010275459	0.684000925198	0.212872093731	0.273223374264
4	0.439424329691	0.642010275459	0.684000925198	0.212872093731	0.273223374264
4	0.452478506884	0.642010275459	0.684000925198	0.212872093731	0.273223374264
1	0.491480083929	0.194043350238	-0.134252243828	-0.385997685275	0.89181236828
4	0.404661185255	0.194043350238	-0.134252243828	-0.385997685275	0.89181236828
1	0.416215023264	0.435994077792	-0.62583213428	-0.579014634638	0.288071790892
4	0.486381266453	0.435994077792	-0.62583213428	-0.579014634638	0.288071790892
4	0.477307048398	0.435994077792	-0.62583213428	-0.579014634638	0.288071790892
4	0.486708247249	0.0281361559671	-0.0736339031541	0.637597552769	0.76632614841
4	0.488742590645	0.0281361559671	-0.0736339031541	0.637597552769	0.76632614841
2	0.472461604495	0.517668107153	-0.187766359113	-0.178622052998	-0.815388059396
4	0.466584918144	0.517668107153	-0.187766359113	-0.178622052998	-0.815388059396
2	0.490121993905	0.284085756071	-0.114053965494	0.951641231436	-0.025805867223
4	0.478783639661	0.284085756071	-0.114053965494	0.951641231436	-0.025805867223
1	0.434300403341	0.186199104745	0.493823402893	-0.587939210631	0.613021879503
3	0.469208545539	0.186199104745	0.493823402893	-0.587939210631	0.613021879503
3	0.468362986443	0.526739854732	0.4989784969	0.0353302253514	-0.687253490529
3	0.466390284852	0.526739854732	0.4989784969	0.0353302253514	-0.687253490529
1	0.456561438489	0.316742006216	0.172647811243	-0.884452501335	-0.295991566861
3	0.439734016216	0.316742006216	0.172647811243	-0.884452501335	-0.295991566861
1	0.397664467184	0.727699300068	-0.582454455827	0.358863438508	0.0491687713007
1	0.421559727167	0.727699300068	-0.582454455827	0.358863438508	0.0491687713007
4	0.437380735826	0.727699300068	-0.582454455827	0.358863438508	0.0491687713007
4	0.447896262799	0.727699300068	-0.582454455827	0.358863438508	0.0491687713007
1	0.455835249085	0.384792302473	-0.308699779238	0.189140992481	-0.849037699528
3	0.441427220805	0.384792302473	-0.308699779238	0.189140992481	-0.849037699528
1	0.447879387585	0.533230651627	0.785535668385	0.291952389541	-0.115596661297
4	0.42945297729	0.533230651627	0.785535668385	0.291952389541	-0.115596661297
4	0.410084712606	0.533230651627	0.785535668385	0.291952389541	-0.115596661297
1	0.407306487738	0.801871815684	0.274012519613	-0.529500074249	-0.0393497354098
3	0.480040247234	0.801871815684	0.274012519613	-0.529500074249	-0.0393497354098
2	0.480528362324	0.614443641486	-0.175259544605	0.0124829902882	0.769147111036
4	0.494074804893	0.614443641486	-0.175259544605	0.0124829902882	0.769147111036
2	0.476323088026	0.0791338653321	-0.940659535334	-0.306376914395	-0.122599576953
2	0.361360476907	0.0791338653321	-0.940659535334	-0.306376914395	-0.122599576953
4	0.393545994936	0.0791338653321	-0.940659535334	-0.306376914395	-0.122599576953
4	0.453684177354	0.0791338653321	-0.940659535334	-0.306376914395	-0.122599576953
2	0.431448028653	0.59723198034	0.254334437461	0.759170791746	-0.047829536274
3	0.4372073909	0.59723198034	0.254334437461	0.759170791746	-0.047829536274
4	0.463278530147	0.59723198034	0.254334437461	0.759170791746	-0.047829536274
4	0.432530261714	0.59723198034	0.254334437461	0.759170791746	-0.047829536274
4	0.49855722946	0.818069647241	0.56710148165	-0.0866937341326	0.0405235516141
4	0.495570831828	0.818069647241	0.56710148165	-0.0866937341326	0.0405235516141
1	0.485686139723	0.182622968155	-0.673117742581	-0.655421828111	0.289799212148
3	0.38783365629	0.182622968155	-0.673117742581	-0.655421828111	0.289799212148
4	0.489560471176	0.682884315891	-0.66045921566	-0.304968142553	0.0667612731093
4	0.488541481749	0.682884315891	-0.66045921566	-0.304968142553	0.0667612731093
1	0.498880835435	0.566132458033	0.124604608032	0.419884699307	0.698329843918
3	0.439663165598	0.24955116981	0.861905125482	-0.125404128792	0.42322284059
3	0.382737410361	0.24955116981	0.861905125482	-0.125404128792	0.42322284059
4	0.419878921568	0.24955116981	0.861905125482	-0.125404128792	0.42322284059
4	0.455282675323	0.24955116981	0.861905125482	-0.125404128792	0.42322284059
3	0.492870645353	0.304147861406	0.452645286172	0.466661019494	-0.696300090617
4	0.483771758367	0.304147861406	0.452645286172	0.466661019494	-0.696300090617
2	0.468639599075	0.936790154774	-0.0774169807827	-0.294239549317	0.172782825024
4	0.495516409098	0.936790154774	-0.0774169807827	-0.294239549317	0.172782825024
2	0.458177962655	0.0903912363534	-0.627189798521	0.741776768271	0.219612401915
3	0.461829035443	0.0903912363534	-0.627189798521	0.741776768271	0.219612401915
4	0.407231472798	0.0903912363534	-0.627189798521	0.741776768271	0.219612401915
4	0.47868323985	0.0903912363534	-0.627189798521	0.741776768271	0.219612401915
4	0.435046549121	0.260845240241	0.565694030475	0.529188086972	0.576116301744
4	0.493171480641	0.260845240241	0.565694030475	0.529188086972	0.576116301744
4	0.481083164355	0.260845240241	0.565694030475	0.529188086972	0.576116301744
1	0.469143190335	0.433206163633	-0.0558384698084	0.519157501753	-0.734635946203
4	0.451889384688	0.433206163633	-0.0558384698084	0.519157501753	-0.734635946203
1	0.435432375861	0.262278172745	0.0696040346886	-0.913431651343	0.303328298681
3	0.454755308383	0.262278172745	0.0696040346886	-0.913431651343	0.303328298681
1	0.486046839779	0.168907780543	0.614558338582	-0.355777818878	-0.683527873423
3	0.39133281345	0.168907780543	0.614558338582	-0.355777818878	-0.683527873423
4	0.33335187428	0.168907780543	0.614558338582	-0.355777818878	-0.683527873423
1	0.368044273221	0.37129603146	-0.162875971692	-0.369261502721	-0.836215652494
3	0.47006214804	0.37129603146	-0.162875971692	-0.369261502721	-0.836215652494
3	0.459344101834	0.37129603146	-0.162875971692	-0.369261502721	-0.836215652494
1	0.443327131479	0.477547185223	-0.777936967446	0.348622163095	0.2126625213
3	0.455641212754	0.477547185223	-0.777936967446	0.348622163095	0.2126625213
2	0.499516549924	0.105881106565	-0.620241499744	-0.0716106714038	-0.773926084978
4	0.445657894293	0.105881106565	-0.620241499744	-0.0716106714038	-0.773926084978
4	0.426303026098	0.105881106565	-0.620241499744	-0.0716106714038	-0.773926084978
2	0.465288890042	0.860772314289	0.110251804811	0.202178571573	-0.453915617364
2	0.390449621547	0.860772314289	0.110251804811	0.202178571573	-0.453915617364
4	0.417023309696	0.860772314289	0.110251804811	0.202178571573	-0.453915617364
1	0.453271147188	0.274243160934	0.895835066989	-0.335948965905	-0.0969974934721
3	0.446673435273	0.274243160934	0.895835066989	-0.335948965905	-0.0969974934721
4	0.457922855223	0.535368880424	-0.620609742869	-0.42260092845	0.386823169166
4	0.444397722386	0.535368880424	-0.620609742869	-0.42260092845	0.386823169166
4	0.447973462091	0.535368880424	-0.620609742869	-0.42260092845	0.386823169166
1	0.420227305366	0.855155792541	-0.496893323487	0.0718754636828	-0.128994237381
4	0.461965030502	0.855155792541	-0.496893323487	0.0718754636828	-0.128994237381
4	0.415168449484	0.855155792541	-0.496893323487	0.0718754636828	-0.128994237381
4	0.482582687862	0.855155792541	-0.496893323487	0.0718754636828	-0.128994237381
1	0.475962551742	0.320069390949	0.617008670006	0.644212676627	0.319133065333
4	0.432308101343	0.320069390949	0.617008670006	0.644212676627	0.319133065333
4	0.443113433396	0.320069390949	0.617008670006	0.644212676627	0.319133065333
2	0.491979983949	0.4233096263	0.556187508217	-0.386454253502	0.60176201769
4	0.435535402775	0.4233096263	0.556187508217	-0.386454253502	0.60176201769
4	0.429851276277	0.4233096263	0.556187508217	-0.386454253502	0.60176201769
2	0.485559399093	0.300411837887	0.332628289621	0.133282587868	-0.883938289912
4	0.373823363064	0.300411837887	0.332628289621	0.133282587868	-0.883938289912
4	0.444572381392	0.300411837887	0.332628289621	0.133282587868	-0.883938289912
1	0.39761345868	0.555782559615	-0.522821673644	-0.645675917644	0.0294253865112
1	0.440843550479	0.555782559615	-0.522821673644	-0.645675917644	0.0294253865112
3	0.417776955017	0.555782559615	-0.522821673644	-0.645675917644	0.0294253865112
3	0.444982674499	0.555782559615	-0.522821673644	-0.645675917644	0.0294253865112
1	0.471956560522	0.517611809461	-0.0858061053819	0.580108126708	0.623048865108
3	0.430302061938	0.517611809461	-0.0858061053819	0.580108126708	0.623048865108
2	0.429264241527	0.490450505518	0.125844508969	0.0439091219685	0.861216262159
3	0.456272077906	0.490450505518	0.125844508969	0.0439091219685	0.861216262159
4	0.480258885066	0.490450505518	0.125844508969	0.0439091219685	0.861216262159
4	0.46838617356	0.490450505518	0.125844508969	0.0439091219685	0.861216262159
2	0.457072059161	0.0664366747557	0.333685231455	0.923492783831	-0.177204437775
3	0.487919956257	0.0664366747557	0.333685231455	0.923492783831	-0.177204437775
4	0.491489536721	0.0664366747557	0.333685231455	0.923492783831	-0.177204437775
1	0.376430414136	0.431737713212	-0.293076278866	-0.735867670684	0.431517801485
4	0.459248654362	0.431737713212	-0.293076278866	-0.735867670684	0.431517801485
4	0.454404991839	0.431737713212	-0.293076278866	-0.735867670684	0.431517801485
4	0.482284401615	0.431737713212	-0.293076278866	-0.735867670684	0.431517801485
1	0.360793431839	0.122474314184	0.295036641482	-0.464858973219	-0.825747877724
1	0.421276832351	0.122474314184	0.295036641482	-0.464858973219	-0.825747877724
4	0.436855641028	0.122474314184	0.295036641482	-0.464858973219	-0.825747877724
4	0.465655870976	0.122474314184	0.295036641482	-0.464858973219	-0.825747877724
3	0.458275184551	0.064047444172	-0.766927222234	-0.512839557877	-0.380415757518
3	0.468246727851	0.064047444172	-0.766927222234	-0.512839557877	-0.380415757518
4	0.484221061348	0.064047444172	-0.766927222234	-0.512839557877	-0.380415757518
4	0.478905110026	0.064047444172	-0.766927222234	-0.512839557877	-0.380415757518
3	0.446045929476	0.621396196101	0.0148638426602	0.726459880237	-0.293090218292
3	0.355473989475	0.621396196101	0.0148638426602	0.726459880237	-0.293090218292
4	0.382743258269	0.621396196101	0.0148638426602	0.726459880237	-0.293090218292
4	0.440775255982	0.621396196101	0.0148638426602	0.726459880237	-0.293090218292
3	0.449930891059	0.563850730913	0.208458426002	-0.380959258688	0.702486641224
4	0.41594785238	0.563850730913	0.208458426002	-0.380959258688	0.702486641224
4	0.465247531959	0.563850730913	0.208458426002	-0.380959258688	0.702486641224
3	0.479158296343	0.138493417249	0.855880500017	-0.100352932374	-0.48807523194
3	0.454880618073	0.138493417249	0.855880500017	-0.100352932374	-0.48807523194
4	0.471496833808	0.138493417249	0.855880500017	-0.100352932374	-0.48807523194
4	0.484439512649	0.138493417249	0.855880500017	-0.100352932374	-0.48807523194
4	0.497567735061	0.302081637837	0.0391130540074	-0.650351528007	-0.695887737431
4	0.499452073762	0.302081637837	0.0391130540074	-0.650351528007	-0.695887737431
1	0.415615618107	0.907549643086	-0.19783572468	0.178937903666	-0.32433917125
3	0.441066037071	0.907549643086	-0.19783572468	0.178937903666	-0.32433917125
4	0.415228234731	0.907549643086	-0.19783572468	0.178937903666	-0.32433917125
1	0.374264340182	0.0753052969976	-0.481119662462	0.837636493655	-0.24742289129
1	0.361946985146	0.0753052969976	-0.481119662462	0.837636493655	-0.24742289129
3	0.459000155342	0.0753052969976	-0.481119662462	0.837636493655	-0.24742289129
3	0.472479738007	0.0753052969976	-0.481119662462	0.837636493655	-0.24742289129
4	0.438005993294	0.0753052969976	-0.481119662462	0.837636493655	-0.24742289129
4	0.430819875374	0.0753052969976	-0.481119662462	0.837636493655	-0.24742289129
4	0.492163047544	0.615228637827	0.760576613694	-0.0849502413995	-0.189209921477
4	0.490773900975	0.615228637827	0.760576613694	-0.0849502413995	-0.189209921477
4	0.424097412705	0.615228637827	0.760576613694	-0.0849502413995	-0.189209921477
2	0.471562399443	0.847895987238	0.0443723014441	-0.512387095028	-0.128697158238
4	0.496509815184	0.847895987238	0.0443723014441	-0.512387095028	-0.128697158238
2	0.471334188335	0.303717579304	-0.76779915422	0.476610430623	0.30179892018
3	0.479654954657	0.303717579304	-0.76779915422	0.476610430623	0.30179892018
4	0.491096177159	0.303717579304	-0.76779915422	0.476610430623	0.30179892018
1	0.440632291427	0.607716962675	-0.621533432459	-0.311086009381	-0.384189771311
3	0.420522022693	0.607716962675	-0.621533432459	-0.311086009381	-0.384189771311
3	0.340679405388	0.607716962675	-0.621533432459	-0.311086009381	-0.384189771311
2	0.407318256542	0.842981345161	0.0715856870401	0.38353568019	0.370348920808
3	0.467934382819	0.842981345161	0.0715856870401	0.38353568019	0.370348920808
4	0.357860420264	0.842981345161	0.0715856870401	0.38353568019	0.370348920808
4	0.455888191753	0.842981345161	0.0715856870401	0.38353568019	0.370348920808
1	0.496251581599	0.445512751822	0.846244955925	-0.0213799841794	0.291428822892
1	0.475390768323	0.0522206225846	-0.371730807347	-0.488274332037	0.787830813131
4	0.441784026498	0.0522206225846	-0.371730807347	-0.488274332037	0.787830813131
4	0.436919750536	0.0522206225846	-0.371730807347	-0.488274332037	0.787830813131
3	0.41923794579	0.939577652152	-0.140380386381	-0.161729554728	0.267078141794
3	0.404043450651	0.939577652152	-0.140380386381	-0.161729554728	0.267078141794
4	0.427999528239	0.939577652152	-0.140380386381	-0.161729554728	0.267078141794
4	0.437537424164	0.939577652152	-0.140380386381	-0.161729554728	0.267078141794
1	0.420739321133	0.153509209193	-0.11775692637	0.940541218813	0.279196068559
3	0.457013483156	0.153509209193	-0.11775692637	0.940541218813	0.279196068559
1	0.387994269977	0.203648941682	0.718499693037	0.198553303236	0.63471401862
3	0.44968333094	0.203648941682	0.718499693037	0.198553303236	0.63471401862
3	0.462397244927	0.203648941682	0.718499693037	0.198553303236	0.63471401862
1	0.406434622002	0.515014086577	0.166255578546	0.440537736954	-0.716272347329
3	0.438926613755	0.515014086577	0.166255578546	0.440537736954	-0.716272347329
4	0.419415692635	0.515014086577	0.166255578546	0.440537736954	-0.716272347329
4	0.443998033022	0.428831749682	0.181265850001	-0.863084620453	0.195782941099
4	0.451374507913	0.428831749682	0.181265850001	-0.863084620453	0.195782941099
2	0.463127971957	0.172151165891	-0.61080896383	0.284257525137	0.718661286832
3	0.462941528456	0.172151165891	-0.61080896383	0.284257525137	0.718661286832
4	0.479290188235	0.172151165891	-0.61080896383	0.284257525137	0.718661286832
1	0.471769978712	0.184554971806	0.124710046465	0.298003943731	0.928213615615
3	0.426649449791	0.184554971806	0.124710046465	0.298003943731	0.928213615615
4	0.451010326811	0.385601794443	-0.435423603353	0.684377250042	-0.439710497248
4	0.493229785339	0.385601794443	-0.435423603353	0.684377250042	-0.439710497248
4	0.49029386941	0.385601794443	-0.435423603353	0.684377250042	-0.439710497248
4	0.493104130087	0.0220052895561	0.0371832464015	-0.591984606597	0.804790282602
4	0.49365593113	0.0220052895561	0.0371832464015	-0.591984606597	0.804790282602
2	0.488445126337	0.792583657473	0.0694413885154	-0.0337063749389	-0.604857768203
4	0.487590084622	0.792583657473	0.0694413885154	-0.0337063749389	-0.604857768203
2	0.497672929325	0.0908544006564	-0.393763958584	-0.912559015462	-0.0627014042984
4	0.41376174447	0.0908544006564	-0.393763958584	-0.912559015462	-0.0627014042984
4	0.454804534487	0.0908544006564	-0.393763958584	-0.912559015462	-0.0627014042984
2	0.49225453642	0.559497099401	-0.342002322805	0.733993999121	0.176777306836
4	0.481108539507	0.559497099401	-0.342002322805	0.733993999121	0.176777306836
1	0.443274473707	0.0592435734221	-0.472196269786	0.304261688873	-0.82519434468
3	0.463206128124	0.0592435734221	-0.472196269786	0.304261688873	-0.82519434468
1	0.349405212975	0.294423731077	0.880207527213	0.325745661947	-0.180108687571
3	0.496672214175	0.294423731077	0.880207527213	0.325745661947	-0.180108687571
4	0.4774387504	0.294423731077	0.880207527213	0.325745661947	-0.180108687571
1	0.469763451081	0.62027294849	0.349004061225	-0.654612085128	-0.254834559321
4	0.429536483336	0.62027294849	0.349004061225	-0.654612085128	-0.254834559321
4	0.387153972949	0.62027294849	0.349004061225	-0.654612085128	-0.254834559321
1	0.472047029653	0.765189567595	-0.443364202762	0.0685355541123	0.461753166936
3	0.431285213154	0.765189567595	-0.443364202762	0.0685355541123	0.461753166936
1	0.486480517514	0.324165786916	-0.845616094497	0.250232574071	-0.34239395759
3	0.374840694949	0.324165786916	-0.845616094497	0.250232574071	-0.34239395759
1	0.422940482421	0.743145368075	0.530244871161	0.392792199175	0.110858589133
4	0.47973556944	0.743145368075	0.530244871161	0.392792199175	0.110858589133
4	0.481909799308	0.743145368075	0.530244871161	0.392792199175	0.110858589133
2	0.447792963599	0.903023225004	0.237250557871	-0.215383325068	0.286131527755
3	0.483531600889	0.903023225004	0.237250557871	-0.215383325068	0.286131527755
4	0.37026725592	0.903023225004	0.237250557871	-0.215383325068	0.286131527755
4	0.486014084264	0.903023225004	0.237250557871	-0.215383325068	0.286131527755
2	0.471891451241	0.0844491680365	-0.959487088184	-0.165704403906	0.211648095081
3	0.488150517376	0.0844491680365	-0.959487088184	-0.165704403906	0.211648095081
4	0.494944906103	0.0844491680365	-0.959487088184	-0.165704403906	0.211648095081
2	0.438585844283	0.528833534418	-0.585289162443	-0.520522801918	-0.326845073215
3	0.352225203475	0.528833534418	-0.585289162443	-0.520522801918	-0.326845073215
3	0.460411137604	0.528833534418	-0.585289162443	-0.520522801918	-0.326845073215
4	0.474246270919	0.528833534418	-0.585289162443	-0.520522801918	-0.326845073215
4	0.408108299828	0.528833534418	-0.585289162443	-0.520522801918	-0.326845073215
2	0.41132540329	0.552281348568	-0.281583304509	0.453763697506	0.64015206121
3	0.425712036361	0.552281348568	-0.281583304509	0.453763697506	0.64015206121
3	0.402393878455	0.552281348568	-0.281583304509	0.453763697506	0.64015206121
4	0.439525218579	0.552281348568	-0.281583304509	0.453763697506	0.64015206121
4	0.453718516223	0.552281348568	-0.281583304509	0.453763697506	0.64015206121
1	0.485369265235	0.198623854715	0.688407659995	0.614068261102	0.331003970832
3	0.398768126832	0.198623854715	0.688407659995	0.614068261102	0.331003970832
4	0.464548554877	0.251431977852	-0.088507669587	0.70874495802	-0.653168383665
4	0.477838712414	0.251431977852	-0.088507669587	0.70874495802	-0.653168383665
4	0.48215910347	0.251431977852	-0.088507669587	0.70874495802	-0.653168383665
1	0.469244738641	0.469410542757	-0.0737828080753	-0.39514300401	0.786175454949
3	0.409191944148	0.469410542757	-0.0737828080753	-0.39514300401	0.786175454949
1	0.445272230774	0.207356023125	0.553866718176	-0.651847255493	-0.474689681452
4	0.472066984666	0.207356023125	0.553866718176	-0.651847255493	-0.474689681452
4	0.383167136289	0.207356023125	0.553866718176	-0.651847255493	-0.474689681452
4	0.4568636994	0.207356023125	0.553866718176	-0.651847255493	-0.474689681452
3	0.444135665931	0.318706782848	-0.459411407713	-0.432645838182	-0.707237388529
3	0.483559944668	0.318706782848	-0.459411407713	-0.432645838182	-0.707237388529
4	0.489037425431	0.318706782848	-0.459411407713	-0.432645838182	-0.707237388529
4	0.468019922378	0.318706782848	-0.459411407713	-0.432645838182	-0.707237388529
2	0.480950254077	0.949374119619	-0.043038363455	0.255267133848	-0.177975196714
4	0.374687156872	0.949374119619	-0.043038363455	0.255267133848	-0.177975196714
4	0.486545949998	0.949374119619	-0.043038363455	0.255267133848	-0.177975196714
2	0.458120777466	0.121022849167	0.580770983379	-0.758065048077	0.270916809609
3	0.483331090562	0.121022849167	0.580770983379	-0.758065048077	0.270916809609
4	0.489584650029	0.121022849167	0.580770983379	-0.758065048077	0.270916809609
4	0.37473327255	0.121022849167	0.580770983379	-0.758065048077	0.270916809609
1	0.394478040253	0.314062979842	0.760812408118	0.0332911283075	-0.566939701488
3	0.426671583344	0.314062979842	0.760812408118	0.0332911283075	-0.566939701488
3	0.37140175928	0.314062979842	0.760812408118	0.0332911283075	-0.566939701488
4	0.418089596212	0.314062979842	0.760812408118	0.0332911283075	-0.566939701488
1	0.492786720433	0.542599851126	0.0898078535409	-0.4837392885	-0.680820278607
4	0.409795446309	0.542599851126	0.0898078535409	-0.4837392885	-0.680820278607
1	0.486760906772	0.434143392849	-0.761149808305	0.481164972405	-0.0255098626723
3	0.393936546945	0.434143392849	-0.761149808305	0.481164972405	-0.0255098626723
1	0.480547486087	0.184974072471	-0.573185593766	0.380649459115	-0.701675749109
3	0.361405247382	0.184974072471	-0.573185593766	0.380649459115	-0.701675749109
4	0.366092236934	0.184974072471	-0.573185593766	0.380649459115	-0.701675749109
1	0.412818947774	0.867792021944	0.346209831718	0.125543062429	-0.333638574731
3	0.479106957679	0.867792021944	0.346209831718	0.125543062429	-0.333638574731
3	0.413552291733	0.867792021944	0.346209831718	0.125543062429	-0.333638574731
1	0.464737220905	0.539591338068	0.394623000441	-0.737529322215	-0.0957307384179
3	0.411545023586	0.539591338068	0.394623000441	-0.737529322215	-0.0957307384179
1	0.444046182219	0.584360485487	-0.589326150432	0.0793849663147	0.552191577754
3	0.453209189267	0.584360485487	-0.589326150432	0.0793849663147	0.552191577754
2	0.499168260891	0.374892416942	-0.152585070543	-0.0448572599298	-0.913324311621
4	0.420297327139	0.374892416942	-0.152585070543	-0.0448572599298	-0.913324311621
4	0.450640417537	0.374892416942	-0.152585070543	-0.0448572599298	-0.913324311621
2	0.488964883992	0.149838591112	0.332487939737	0.930220210995	-0.0411160017352
4	0.420671885347	0.149838591112	0.332487939737	0.930220210995	-0.0411160017352
4	0.365154900664	0.149838591112	0.332487939737	0.930220210995	-0.0411160017352
4	0.441112813496	0.149838591112	0.332487939737	0.930220210995	-0.0411160017352
4	0.492401950053	0.611370795921	0.777159772177	-0.138066638539	-0.0564450328018
4	0.49338298702	0.611370795921	0.777159772177	-0.138066638539	-0.0564450328018
4	0.491175264524	0.542885632816	-0.413086136266	-0.396092883486	0.614610007532
4	0.494662051196	0.542885632816	-0.413086136266	-0.396092883486	0.614610007532
4	0.446004218122	0.542885632816	-0.413086136266	-0.396092883486	0.614610007532
1	0.493140690173	0.347524727862	-0.916142290658	-0.194080942423	0.047354562413
3	0.369477210227	0.347524727862	-0.916142290658	-0.194080942423	0.047354562413
4	0.420390957042	0.390853068221	0.375322845666	0.616935722613	0.570751219664
4	0.434074765312	0.390853068221	0.375322845666	0.616935722613	0.570751219664
4	0.438525303781	0.390853068221	0.375322845666	0.616935722613	0.570751219664
2	0.486755686369	0.398566297675	0.41550334655	-0.164019666702	0.800999016416
4	0.461221506914	0.398566297675	0.41550334655	-0.164019666702	0.800999016416
2	0.443561365639	0.226890102783	0.735123159815	0.459832669379	-0.44347349113
4	0.354685991287	0.226890102783	0.735123159815	0.459832669379	-0.44347349113
4	0.444902137581	0.226890102783	0.735123159815	0.459832669379	-0.44347349113
1	0.408381703801	0.737078981775	-0.274285352767	-0.587985818311	0.189089389836
1	0.435837053004	0.737078981775	-0.274285352767	-0.587985818311	0.189089389836
3	0.439853294204	0.737078981775	-0.274285352767	-0.587985818311	0.189089389836
3	0.423119184503	0.737078981775	-0.274285352767	-0.587985818311	0.189089389836
1	0.324460614788	0.358180128463	-0.134139849224	0.263367075928	0.885636087647
3	0.499176535966	0.358180128463	-0.134139849224	0.263367075928	0.885636087647
4	0.486835276781	0.358180128463	-0.134139849224	0.263367075928	0.885636087647
3	0.484791000842	0.0630829317023	-0.431323855466	-0.866705813244	-0.242489811588
3	0.451017533644	0.0630829317023	-0.431323855466	-0.866705813244	-0.242489811588
4	0.481671070694	0.0630829317023	-0.431323855466	-0.866705813244	-0.242489811588
4	0.463666110892	0.0630829317023	-0.431323855466	-0.866705813244	-0.242489811588
1	0.492120061606	0.590255815956	-0.352678359867	0.694732434705	-0.211099242963
3	0.368419960746	0.590255815956	-0.352678359867	0.694732434705	-0.211099242963
4	0.383833161037	0.590255815956	-0.352678359867	0.694732434705	-0.211099242963
1	0.480103548819	0.00941515988363	0.23006447374	-0.46265007922	0.85611716306
4	0.358141915299	0.00941515988363	0.23006447374	-0.46265007922	0.85611716306
4	0.436699965099	0.00941515988363	0.23006447374	-0.46265007922	0.85611716306
1	0.378327268971	0.312611636163	0.903070209842	-0.158025187365	-0.248528069219
1	0.461902539835	0.312611636163	0.903070209842	-0.158025187365	-0.248528069219
3	0.434208451615	0.312611636163	0.903070209842	-0.158025187365	-0.248528069219
1	0.384396486119	0.630030206102	-0.0263823548396	-0.70478286474	-0.325033881805
3	0.399418170926	0.630030206102	-0.0263823548396	-0.70478286474	-0.325033881805
3	0.407131019832	0.630030206102	-0.0263823548396	-0.70478286474	-0.325033881805
4	0.410302411056	0.630030206102	-0.0263823548396	-0.70478286474	-0.325033881805
3	0.498432414281	0.86416378333	-0.293931042035	0.277381665311	0.299808121734
4	0.491073904199	0.86416378333	-0.293931042035	0.277381665311	0.299808121734
2	0.454198435455	0.0647010873374	-0.824161212042	0.182902238865	-0.532089124942
3	0.497447529116	0.0647010873374	-0.824161212042	0.182902238865	-0.532089124942
4	0.496256819111	0.0647010873374	-0.824161212042	0.182902238865	-0.532089124942
2	0.44872883364	0.6823433912	0.465605665773	0.407681302109	-0.389120567943
3	0.497959647525	0.6823433912	0.465605665773	0.407681302109	-0.389120567943
4	0.494343436308	0.6823433912	0.465605665773	0.407681302109	-0.389120567943
1	0.360394396529	0.903850565628	0.165042912045	-0.14302369783	-0.36791196509
3	0.485232755672	0.903850565628	0.165042912045	-0.14302369783	-0.36791196509
4	0.467980399355	0.903850565628	0.165042912045	-0.14302369783	-0.36791196509
1	0.44565165119	0.24510909559	-0.928753080066	-0.220441179502	0.169543309824
3	0.434955794621	0.24510909559	-0.928753080066	-0.220441179502	0.169543309824
4	0.490461940806	0.597406265662	-0.727949649083	0.169089582142	-0.29086728135
4	0.491961836418	0.597406265662	-0.727949649083	0.169089582142	-0.29086728135
1	0.455977041223	0.77931004161	0.367806938365	0.321868088174	0.392166863659
4	0.431512026538	0.77931004161	0.367806938365	0.321868088174	0.392166863659
4	0.461999977574	0.77931004161	0.367806938365	0.321868088174	0.392166863659
2	0.451913833284	0.375993017844	0.697270896743	-0.550441126087	0.263547175663
3	0.461623476187	0.375993017844	0.697270896743	-0.550441126087	0.263547175663
4	0.478045279803	0.375993017844	0.697270896743	-0.550441126087	0.263547175663
4	0.408464839008	0.375993017844	0.697270896743	-0.550441126087	0.263547175663
2	0.457859726237	0.0184478047297	-0.650866000746	-0.173561569864	0.738856893478
3	0.497755599991	0.0184478047297	-0.650866000746	-0.173561569864	0.738856893478
4	0.499135418804	0.0184478047297	-0.650866000746	-0.173561569864	0.738856893478
3	0.362432549405	0.906699564214	-0.245954453114	-0.25413255271	-0.229823743118
3	0.453062280867	0.906699564214	-0.245954453114	-0.25413255271	-0.229823743118
4	0.46285763319	0.906699564214	-0.245954453114	-0.25413255271	-0.229823743118
4	0.406384607877	0.906699564214	-0.245954453114	-0.25413255271	-0.229823743118
1	0.397876851503	0.479956559435	-0.0402239473587	0.825133880967	0.295258892492
3	0.452157680188	0.479956559435	-0.0402239473587	0.825133880967	0.295258892492
1	0.429142755381	0.607089522116	0.568525830834	0.11758316838	0.542581690003
4	0.453933745851	0.607089522116	0.568525830834	0.11758316838	0.542581690003
4	0.432466605825	0.607089522116	0.568525830834	0.11758316838	0.542581690003
2	0.475202318428	0.09289701874	0.045580802648	0.107734025563	-0.988780012983
3	0.489057019806	0.09289701874	0.045580802648	0.107734025563	-0.988780012983
4	0.496811822087	0.09289701874	0.045580802648	0.107734025563	-0.988780012983
2	0.437124440744	0.179505103376	-0.445134677441	-0.872616852276	0.0904039043715
3	0.496919331476	0.179505103376	-0.445134677441	-0.872616852276	0.0904039043715
4	0.49566050829	0.179505103376	-0.445134677441	-0.872616852276	0.0904039043715
4	0.446822067541	0.179505103376	-0.445134677441	-0.872616852276	0.0904039043715
1	0.496204444238	0.112492778989	-0.378378415423	0.698974359975	0.596330439869
1	0.398446435043	0.113760975038	0.481605182956	0.248491919613	0.832686408077
3	0.446194081443	0.113760975038	0.481605182956	0.248491919613	0.832686408077
3	0.470974539004	0.113760975038	0.481605182956	0.248491919613	0.832686408077
1	0.385798277645	0.279441330465	0.0991200766041	0.9171933559	-0.266165552119
3	0.463684095936	0.279441330465	0.0991200766041	0.9171933559	-0.266165552119
4	0.444887734877	0.279441330465	0.0991200766041	0.9171933559	-0.266165552119
2	0.443911742017	0.579594447577	0.297333156026	-0.656707740425	0.379997650429
2	0.397262902366	0.579594447577	0.297333156026	-0.656707740425	0.379997650429
4	0.454401480924	0.579594447577	0.297333156026	-0.656707740425	0.379997650429
4	0.474361779522	0.579594447577	0.297333156026	-0.656707740425	0.379997650429
2	0.481514132131	0.0441020597824	-0.423000761882	0.086438816334	0.900918250898
4	0.477654023283	0.0441020597824	-0.423000761882	0.086438816334	0.900918250898
1	0.404611512588	0.0522904022691	-0.0327438134193	-0.855963942748	-0.513341295074
4	0.433309367505	0.0522904022691	-0.0327438134193	-0.855963942748	-0.513341295074
4	0.483450897867	0.0522904022691	-0.0327438134193	-0.855963942748	-0.513341295074
4	0.459662577149	0.0522904022691	-0.0327438134193	-0.855963942748	-0.513341295074
4	0.481655544157	0.758345323829	-0.640453367485	0.115086138853	-0.0385620869275
4	0.480470022011	0.758345323829	-0.640453367485	0.115086138853	-0.0385620869275
4	0.420206250606	0.758345323829	-0.640453367485	0.115086138853	-0.0385620869275
1	0.424112951822	0.641177969255	-0.21015475274	0.155049739502	-0.721585317148
3	0.451746391496	0.641177969255	-0.21015475274	0.155049739502	-0.721585317148
1	0.429446621928	0.259877845018	0.92731563387	0.268111550366	0.025795685867
3	0.352510162024	0.259877845018	0.92731563387	0.268111550366	0.025795685867
3	0.420949911396	0.259877845018	0.92731563387	0.268111550366	0.025795685867
2	0.481666907962	0.618675417708	0.335206011906	-0.690667558577	0.166901110347
4	0.490822248308	0.618675417708	0.335206011906	-0.690667558577	0.166901110347
2	0.469767481802	0.313116235164	-0.503827262734	0.0974950400204	0.799131422091
4	0.402365716263	0.313116235164	-0.503827262734	0.0974950400204	0.799131422091
4	0.474982033928	0.313116235164	-0.503827262734	0.0974950400204	0.799131422091
1	0.394222630794	0.322364587825	-0.877563332115	-0.211860402681	-0.284743464226
3	0.460651160656	0.322364587825	-0.877563332115	-0.211860402681	-0.284743464226
3	0.311829859776	0.322364587825	-0.877563332115	-0.211860402681	-0.284743464226
4	0.342278512761	0.322364587825	-0.877563332115	-0.211860402681	-0.284743464226
4	0.438961154566	0.322364587825	-0.877563332115	-0.211860402681	-0.284743464226
1	0.428409608636	0.701746711703	0.255197414269	0.647382891304	0.152712882268
3	0.468598936994	0.701746711703	0.255197414269	0.647382891304	0.152712882268
1	0.420073560853	0.858421224969	0.361099325413	-0.100961891163	0.350038532511
3	0.469515741518	0.858421224969	0.361099325413	-0.100961891163	0.350038532511
3	0.427122854659	0.858421224969	0.361099325413	-0.100961891163	0.350038532511
1	0.413315452264	0.121626497491	-0.646841268403	-0.540194410574	0.524398100095
1	0.449068328047	0.121626497491	-0.646841268403	-0.540194410574	0.524398100095
3	0.391789707801	0.121626497491	-0.646841268403	-0.540194410574	0.524398100095
4	0.390192129263	0.121626497491	-0.646841268403	-0.540194410574	0.524398100095
1	0.468576830432	0.791023232595	-0.476284536767	-0.375142898199	0.0818724096529
4	0.432348919801	0.791023232595	-0.476284536767	-0.375142898199	0.0818724096529
4	0.452667449018	0.791023232595	-0.476284536767	-0.375142898199	0.0818724096529
3	0.497172400202	0.579436519315	0.0189651321281	0.189620914672	0.792425108491
4	0.493102795487	0.579436519315	0.0189651321281	0.189620914672	0.792425108491
3	0.464203832843	0.16366012155	0.939631485824	0.0585341546983	0.294757168184
3	0.473122872076	0.16366012155	0.939631485824	0.0585341546983	0.294757168184
4	0.48017976961	0.16366012155	0.939631485824	0.0585341546983	0.294757168184
4	0.475424938481	0.16366012155	0.939631485824	0.0585341546983	0.294757168184
1	0.43766025643	0.29149976052	0.408200994434	0.624745090374	-0.598409065618
3	0.413272367589	0.29149976052	0.408200994434	0.624745090374	-0.598409065618
3	0.355110161518	0.29149976052	0.408200994434	0.624745090374	-0.598409065618
2	0.474675136141	0.862236650864	-0.0227493029392	-0.47089721052	0.185165451007
3	0.483795257442	0.862236650864	-0.0227493029392	-0.47089721052	0.185165451007
4	0.492325764558	0.862236650864	-0.0227493029392	-0.47089721052	0.185165451007
2	0.46237281309	0.180699996259	-0.707073040574	0.528231492871	0.43401234612
3	0.481500739891	0.180699996259	-0.707073040574	0.528231492871	0.43401234612
4	0.493409848938	0.180699996259	-0.707073040574	0.528231492871	0.43401234612
4	0.476660566759	0.291190030161	0.371344840021	0.551099912559	0.688186212084
4	0.479665835424	0.291190030161	0.371344840021	0.551099912559	0.688186212084
4	0.468405001396	0.291190030161	0.371344840021	0.551099912559	0.688186212084
1	0.436561434931	0.498178432395	-0.0951345476386	0.304543471241	-0.806238762071
3	0.4585300153	0.498178432395	-0.0951345476386	0.304543471241	-0.806238762071
1	0.402627528147	0.204665588528	-0.0040170995698	-0.809802304085	0.549832781928
4	0.487966232447	0.204665588528	-0.0040170995698	-0.809802304085	0.549832781928
4	0.489245897065	0.204665588528	-0.0040170995698	-0.809802304085	0.549832781928
4	0.492539719335	0.45357513363	0.461371794717	-0.353372313812	-0.675672755869
4	0.481519607717	0.45357513363	0.461371794717	-0.353372313812	-0.675672755869
2	0.476671972896	0.667161174035	-0.0117391494764	-0.00824179987948	-0.744775290249
4	0.424132903736	0.667161174035	-0.0117391494764	-0.00824179987948	-0.744775290249
4	0.426927099929	0.667161174035	-0.0117391494764	-0.00824179987948	-0.744775290249
2	0.493197746229	0.0167330800273	-0.345329334437	0.938320658527	-0.00469005245111
4	0.442205725937	0.0167330800273	-0.345329334437	0.938320658527	-0.00469005245111
4	0.423978133441	0.0167330800273	-0.345329334437	0.938320658527	-0.00469005245111
3	0.459282149871	0.148381234762	0.632993174807	-0.512487440187	0.560944982569
3	0.480875217706	0.148381234762	0.632993174807	-0.512487440187	0.560944982569
4	0.463459391062	0.148381234762	0.632993174807	-0.512487440187	0.560944982569
4	0.474970892959	0.148381234762	0.632993174807	-0.512487440187	0.560944982569
3	0.453744517719	0.518682393998	0.556582609403	0.149175681454	-0.631609839322
3	0.484229068426	0.518682393998	0.556582609403	0.149175681454	-0.631609839322
4	0.476215784541	0.518682393998	0.556582609403	0.149175681454	-0.631609839322
4	0.459964142913	0.518682393998	0.556582609403	0.149175681454	-0.631609839322
1	0.447363145256	0.244841404018	0.391537817559	-0.862116055154	-0.208582673644
3	0.456206257087	0.244841404018	0.391537817559	-0.862116055154	-0.208582673644
4	0.486350993407	0.653337892738	-0.731919058337	0.141700978012	0.13177603267
4	0.494754986451	0.653337892738	-0.731919058337	0.141700978012	0.13177603267
1	0.413366619263	0.817688541785	-0.429263501699	-0.172736482644	-0.342462264062
1	0.407280148825	0.817688541785	-0.429263501699	-0.172736482644	-0.342462264062
3	0.449226735498	0.817688541785	-0.429263501699	-0.172736482644	-0.342462264062
3	0.44469175847	0.817688541785	-0.429263501699	-0.172736482644	-0.342462264062
1	0.457884758037	0.404443858854	0.232430140777	0.853455217896	0.232412533526
3	0.449647285058	0.404443858854	0.232430140777	0.853455217896	0.232412533526
1	0.438036450595	0.562425545915	0.660897394005	-0.0900842750536	0.4886480976
3	0.426367228756	0.562425545915	0.660897394005	-0.0900842750536	0.4886480976
3	0.415823779824	0.562425545915	0.660897394005	-0.0900842750536	0.4886480976
4	0.359502048514	0.562425545915	0.660897394005	-0.0900842750536	0.4886480976
1	0.374260328273	0.0571732862748	0.223816339271	0.242923990321	-0.942138735292
3	0.490994497089	0.0571732862748	0.223816339271	0.242923990321	-0.942138735292
4	0.46438045273	0.0571732862748	0.223816339271	0.242923990321	-0.942138735292
2	0.489780340534	0.188582168053	-0.177312881383	-0.965458538192	-0.0297778276702
4	0.360134370379	0.188582168053	-0.177312881383	-0.965458538192	-0.0297778276702
4	0.427462804441	0.188582168053	-0.177312881383	-0.965458538192	-0.0297778276702
2	0.494969328395	0.486092667042	-0.451024225866	0.650031167281	0.371147609845
4	0.411588071712	0.486092667042	-0.451024225866	0.650031167281	0.371147609845
4	0.454229274035	0.486092667042	-0.451024225866	0.650031167281	0.371147609845
4	0.499176126403	0.570460788889	0.400618324091	0.390870459399	0.601082133083
4	0.496127321595	0.570460788889	0.400618324091	0.390870459399	0.601082133083
1	0.483535259141	0.0626997667568	-0.135264498496	0.922000773801	-0.357332936917
3	0.403580167908	0.0626997667568	-0.135264498496	0.922000773801	-0.357332936917
4	0.424658843333	0.318679540327	-0.309198032687	-0.646373579448	0.620516819233
4	0.423524117953	0.318679540327	-0.309198032687	-0.646373579448	0.620516819233
4	0.407876630628	0.318679540327	-0.309198032687	-0.646373579448	0.620516819233
1	0.463505705809	0.398128776138	0.202549527722	-0.364976107558	-0.816859600753
4	0.392961235322	0.398128776138	0.202549527722	-0.364976107558	-0.816859600753
4	0.424256189376	0.398128776138	0.202549527722	-0.364976107558	-0.816859600753
2	0.439415196139	0.233530398153	-0.741665611677	-0.434617031768	-0.454426792005
2	0.423511820926	0.233530398153	-0.741665611677	-0.434617031768	-0.454426792005
4	0.42461243581	0.233530398153	-0.741665611677	-0.434617031768	-0.454426792005
2	0.496754728595	0.763846189856	0.0502306558533	0.635442049114	-0.101139911375
4	0.408525366803	0.763846189856	0.0502306558533	0.635442049114	-0.101139911375
4	0.45825277969	0.763846189856	0.0502306558533	0.635442049114	-0.101139911375
3	0.499492974642	0.362170731758	0.11328143777	-0.247120876788	0.891589002383
4	0.489216658469	0.362170731758	0.11328143777	-0.247120876788	0.891589002383
3	0.496885868652	0.153266312507	0.947389452259	-0.157946575555	-0.232412440434
4	0.48568748294	0.153266312507	0.947389452259	-0.157946575555	-0.232412440434
1	0.49334756253	0.430376128985	-0.0293151458774	-0.769371659761	-0.47115205505
3	0.370198752193	0.430376128985	-0.0293151458774	-0.769371659761	-0.47115205505
1	0.468538160053	0.864981641128	-0.344058425259	0.364725095779	-0.0201535363837
3	0.436755469483	0.864981641128	-0.344058425259	0.364725095779	-0.0201535363837
1	0.492995523983	0.127041818043	-0.630721140839	0.656872228369	-0.393154034145
3	0.378593592762	0.127041818043	-0.630721140839	0.656872228369	-0.393154034145
4	0.498820960263	0.690976269469	0.689927251744	0.0745431561803	-0.20247345554
4	0.496033620879	0.690976269469	0.689927251744	0.0745431561803	-0.20247345554
2	0.442322883424	0.912588602699	0.117213765679	-0.369435496869	-0.130232058316
3	0.497750027429	0.912588602699	0.117213765679	-0.369435496869	-0.130232058316
4	0.442482869161	0.912588602699	0.117213765679	-0.369435496869	-0.130232058316
4	0.496840254409	0.912588602699	0.117213765679	-0.369435496869	-0.130232058316
3	0.49248226899	0.382512142334	-0.788198101621	0.289255125339	0.385693772356
3	0.43484482899	0.382512142334	-0.788198101621	0.289255125339	0.385693772356
4	0.482400730683	0.382512142334	-0.788198101621	0.289255125339	0.385693772356
4	0.451673644093	0.382512142334	-0.788198101621	0.289255125339	0.385693772356
3	0.455116545845	0.340780056316	-0.604468964525	-0.0450100807382	-0.718651735387
4	0.398751144782	0.340780056316	-0.604468964525	-0.0450100807382	-0.718651735387
4	0.460841904564	0.340780056316	-0.604468964525	-0.0450100807382	-0.718651735387
2	0.474008420611	0.965497109416	0.108917236891	0.162290807375	-0.172087364611
4	0.476491884706	0.965497109416	0.108917236891	0.162290807375	-0.172087364611
4	0.39634321742	0.965497109416	0.108917236891	0.162290807375	-0.172087364611
2	0.470846621159	0.127434787888	0.914253363895	-0.384498270244	-0.00788933594639
4	0.498638375259	0.127434787888	0.914253363895	-0.384498270244	-0.00788933594639
4	0.490864659442	0.373774959443	-0.683133040442	-0.425407458083	0.461139917331
4	0.494189678432	0.373774959443	-0.683133040442	-0.425407458083	0.461139917331
4	0.493749775257	0.815870247557	-0.565458521237	-0.12081170198	-0.00411492134298
4	0.498356916378	0.815870247557	-0.565458521237	-0.12081170198	-0.00411492134298
1	0.46043007371	0.0673945002392	-0.0553362169096	0.937934878106	0.335669553083
3	0.4424319042	0.0673945002392	-0.0553362169096	0.937934878106	0.335669553083
2	0.466127885135	0.0208849484282	0.718090655772	0.163923879125	0.676046293441
3	0.495303950815	0.0208849484282	0.718090655772	0.163923879125	0.676046293441
4	0.499558720947	0.0208849484282	0.718090655772	0.163923879125	0.676046293441
2	0.459173458699	0.716171857522	0.16798959612	0.423420761819	-0.528764810241
4	0.446109967634	0.716171857522	0.16798959612	0.423420761819	-0.528764810241
4	0.493033891099	0.716171857522	0.16798959612	0.423420761819	-0.528764810241
1	0.393655277191	0.373139089955	0.129164682528	-0.865243986897	0.308928061972
3	0.398072864938	0.373139089955	0.129164682528	-0.865243986897	0.308928061972
3	0.404213012925	0.373139089955	0.129164682528	-0.865243986897	0.308928061972
4	0.404135012704	0.373139089955	0.129164682528	-0.865243986897	0.308928061972
1	0.425722791624	0.0552025705644	0.586857262849	-0.292576925185	-0.752960803823
3	0.466291369807	0.0552025705644	0.586857262849	-0.292576925185	-0.752960803823
4	0.420781936816	0.0552025705644	0.586857262849	-0.292576925185	-0.752960803823
1	0.409901658603	0.0802872153812	-0.139955605656	-0.267215779561	-0.950032693461
3	0.478972851059	0.0802872153812	-0.139955605656	-0.267215779561	-0.950032693461
3	0.491697987718	0.194665387186	-0.466919921103	0.854178499102	-0.120292418634
3	0.437250107849	0.194665387186	-0.466919921103	0.854178499102	-0.120292418634
4	0.451195455544	0.194665387186	-0.466919921103	0.854178499102	-0.120292418634
4	0.48022215538	0.194665387186	-0.466919921103	0.854178499102	-0.120292418634
1	0.488252080331	0.113898213653	0.348084396694	-0.701949394863	0.61084490401
4	0.419204770699	0.113898213653	0.348084396694	-0.701949394863	0.61084490401
4	0.4151491071	0.113898213653	0.348084396694	-0.701949394863	0.61084490401
1	0.450404142619	0.583770639178	0.518532305431	-0.085876703285	-0.618838654975
3	0.399240772168	0.583770639178	0.518532305431	-0.085876703285	-0.618838654975
4	0.394958136879	0.583770639178	0.518532305431	-0.085876703285	-0.618838654975
1	0.360317644335	0.322066616637	-0.00751012796036	-0.917680935703	-0.232547613777
3	0.495530195803	0.322066616637	-0.00751012796036	-0.917680935703	-0.232547613777
4	0.471541620032	0.322066616637	-0.00751012796036	-0.917680935703	-0.232547613777
1	0.386918583117	0.693879388402	-0.502403527789	0.498392832776	0.133141555697
1	0.418137763573	0.693879388402	-0.502403527789	0.498392832776	0.133141555697
3	0.461929577387	0.693879388402	-0.502403527789	0.498392832776	0.133141555697
3	0.436870447024	0.693879388402	-0.502403527789	0.498392832776	0.133141555697
2	0.478718101065	0.0422014934352	0.401061350913	-0.0991378268685	0.909692540389
4	0.485238593808	0.0422014934352	0.401061350913	-0.0991378268685	0.909692540389
2	0.451917418747	0.401498223096	0.650168342805	0.552267005264	-0.333288850343
4	0.462346011013	0.401498223096	0.650168342805	0.552267005264	-0.333288850343
4	0.423465665853	0.401498223096	0.650168342805	0.552267005264	-0.333288850343
4	0.488063839295	0.656321569703	0.494989673476	-0.404531208659	-0.400726492156
4	0.48686698364	0.656321569703	0.494989673476	-0.404531208659	-0.400726492156
1	0.380563545053	0.889063143408	-0.230955727061	-0.0514040979693	0.391897688031
3	0.491563540163	0.889063143408	-0.230955727061	-0.0514040979693	0.391897688031
1	0.446192175275	0.246734347868	-0.894227114909	0.345627382881	-0.141498200504
3	0.449226054664	0.246734347868	-0.894227114909	0.345627382881	-0.141498200504
4	0.476504727131	0.589171886499	0.631719188424	0.410418052044	0.292171829053
4	0.4567280961	0.589171886499	0.631719188424	0.410418052044	0.292171829053
4	0.472362308512	0.589171886499	0.631719188424	0.410418052044	0.292171829053
4	0.431110769069	0.589171886499	0.631719188424	0.410418052044	0.292171829053
2	0.487019853143	0.722974751949	0.337879630598	-0.36411505991	0.480171934225
4	0.485375972792	0.722974751949	0.337879630598	-0.36411505991	0.480171934225
2	0.481096780921	0.0241286039432	-0.88898957474	-0.101642039167	0.445852265162
4	0.482242918444	0.0241286039432	-0.88898957474	-0.101642039167	0.445852265162
1	0.422575606754	0.704116961823	-0.530009477053	-0.432226921326	-0.191021325481
1	0.395076648034	0.704116961823	-0.530009477053	-0.432226921326	-0.191021325481
3	0.456019134449	0.704116961823	-0.530009477053	-0.432226921326	-0.191021325481
3	0.435473137322	0.704116961823	-0.530009477053	-0.432226921326	-0.191021325481
1	0.337748022975	0.789182008302	0.0328453692237	0.365436632376	0.492512951313
3	0.487388032805	0.789182008302	0.0328453692237	0.365436632376	0.492512951313
3	0.446988688859	0.789182008302	0.0328453692237	0.365436632376	0.492512951313
4	0.450100504721	0.789182008302	0.0328453692237	0.365436632376	0.492512951313
4	0.471637787863	0.789182008302	0.0328453692237	0.365436632376	0.492512951313
1	0.487522188203	0.407000851261	0.835526645654	0.0533202364889	0.365243047649
3	0.373009494162	0.407000851261	0.835526645654	0.0533202364889	0.365243047649
4	0.39459140102	0.407000851261	0.835526645654	0.0533202364889	0.365243047649
1	0.485273586817	0.0779537361318	0.317995223643	0.497570020277	-0.803259813313
3	0.349500166371	0.0779537361318	0.317995223643	0.497570020277	-0.803259813313
4	0.35601433354	0.0779537361318	0.317995223643	0.497570020277	-0.803259813313
3	0.49823318891	0.891269875318	-0.101826497335	-0.130996206673	0.422030055362
4	0.498767823064	0.891269875318	-0.101826497335	-0.130996206673	0.422030055362
3	0.487126407023	0.0257211941921	-0.338779430701	0.926070409254	0.164196573068
4	0.490556173893	0.0257211941921	-0.338779430701	0.926070409254	0.164196573068
1	0.411342799141	0.265970334762	-0.454834201764	-0.660015384358	-0.53550473606
3	0.40336152494	0.265970334762	-0.454834201764	-0.660015384358	-0.53550473606
3	0.38856889512	0.265970334762	-0.454834201764	-0.660015384358	-0.53550473606
3	0.479074887684	0.818269400205	-0.189616200701	0.522060566697	-0.148100134436
3	0.454535823012	0.818269400205	-0.189616200701	0.522060566697	-0.148100134436
4	0.436935323222	0.818269400205	-0.189616200701	0.522060566697	-0.148100134436
4	0.450017349944	0.818269400205	-0.189616200701	0.522060566697	-0.148100134436
2	0.479142391275	0.138739158823	0.728218754175	-0.576829405346	0.343098716123
3	0.487738814765	0.138739158823	0.728218754175	-0.576829405346	0.343098716123
4	0.495475056745	0.138739158823	0.728218754175	-0.576829405346	0.343098716123
2	0.466332968881	0.354358360388	0.697806232338	0.202481449557	-0.588640702907
3	0.495105749813	0.354358360388	0.697806232338	0.202481449557	-0.588640702907
4	0.498796051725	0.354358360388	0.697806232338	0.202481449557	-0.588640702907
1	0.492918144719	0.567469008775	0.179510501196	-0.397583800016	-0.698342341553
4	0.409150616164	0.567469008775	0.179510501196	-0.397583800016	-0.698342341553
1	0.435837560776	0.491348862393	-0.824779526028	0.276854013605	-0.0408274909929
4	0.422465855486	0.491348862393	-0.824779526028	0.276854013605	-0.0408274909929
4	0.423424739297	0.491348862393	-0.824779526028	0.276854013605	-0.0408274909929
4	0.465257957203	0.491348862393	-0.824779526028	0.276854013605	-0.0408274909929
4	0.496749791696	0.418401718205	-0.509458253524	0.413671873124	-0.627907534201
4	0.495864824037	0.418401718205	-0.509458253524	0.413671873124	-0.627907534201
1	0.412427231917	0.95669259361	0.273995761109	0.0880928556832	-0.0436492039217
3	0.47923932303	0.95669259361	0.273995761109	0.0880928556832	-0.0436492039217
4	0.427134070961	0.95669259361	0.273995761109	0.0880928556832	-0.0436492039217
2	0.479423117625	0.252588518848	0.416951701628	-0.872992676614	0.0153004978619
4	0.494083152443	0.252588518848	0.416951701628	-0.872992676614	0.0153004978619
2	0.435703112694	0.325538072216	-0.759380255992	0.156284453949	0.541240944313
3	0.474265313546	0.325538072216	-0.759380255992	0.156284453949	0.541240944313
4	0.38130812633	0.325538072216	-0.759380255992	0.156284453949	0.541240944313
4	0.477065565885	0.325538072216	-0.759380255992	0.156284453949	0.541240944313
3	0.443251347813	0.536139762633	-0.508980783813	-0.121309812539	-0.662402178449
3	0.489484335904	0.536139762633	-0.508980783813	-0.121309812539	-0.662402178449
4	0.479769522574	0.536139762633	-0.508980783813	-0.121309812539	-0.662402178449
4	0.455122229037	0.536139762633	-0.508980783813	-0.121309812539	-0.662402178449
3	0.469468693818	0.414395290564	0.356027676507	0.837240018671	0.0234518198634
4	0.472408635907	0.414395290564	0.356027676507	0.837240018671	0.0234518198634
4	0.49551630616	0.697273903156	0.686789309298	-0.149933957136	0.140176164551
4	0.497266667837	0.697273903156	0.686789309298	-0.149933957136	0.140176164551
1	0.485929865569	0.378104356481	-0.30426568869	-0.24610115964	0.838983733764
3	0.401451910909	0.378104356481	-0.30426568869	-0.24610115964	0.838983733764
1	0.488401938258	0.524157870722	-0.662370250831	-0.533951971452	-0.0376758484616
3	0.395175782568	0.524157870722	-0.662370250831	-0.533951971452	-0.0376758484616
1	0.463475716412	0.576260804158	0.0447963748245	0.620585875173	0.529896161459
4	0.372665688609	0.576260804158	0.0447963748245	0.620585875173	0.529896161459
4	0.394632464756	0.576260804158	0.0447963748245	0.620585875173	0.529896161459
2	0.450207333516	0.589216633336	0.22681540746	0.0232086701359	0.775138624744
3	0.499034490241	0.589216633336	0.22681540746	0.0232086701359	0.775138624744
4	0.497786334724	0.589216633336	0.22681540746	0.0232086701359	0.775138624744
3	0.49680093106	0.0906585378848	0.493760864765	0.810444934667	-0.301927550594
4	0.478961754636	0.0906585378848	0.493760864765	0.810444934667	-0.301927550594
2	0.412007024293	0.653152719749	-0.0111892690797	-0.756110110259	0.0395452412688
2	0.44661799667	0.653152719749	-0.0111892690797	-0.756110110259	0.0395452412688
4	0.446499978192	0.653152719749	-0.0111892690797	-0.756110110259	0.0395452412688
4	0.430963394987	0.653152719749	-0.0111892690797	-0.756110110259	0.0395452412688
2	0.477943868195	0.470730305934	-0.386429520241	0.287012852982	0.739397611021
4	0.400702822721	0.470730305934	-0.386429520241	0.287012852982	0.739397611021
4	0.454208180904	0.470730305934	-0.386429520241	0.287012852982	0.739397611021
4	0.393461293838	0.470730305934	-0.386429520241	0.287012852982	0.739397611021
1	0.450218008538	0.237569714543	0.506462027904	0.731109617054	0.390558027538
4	0.454883194921	0.237569714543	0.506462027904	0.731109617054	0.390558027538
4	0.411604563178	0.237569714543	0.506462027904	0.731109617054	0.390558027538
4	0.439407236816	0.278200049489	-0.228498574984	0.641294744282	-0.677594410138
4	0.445922299164	0.278200049489	-0.228498574984	0.641294744282	-0.677594410138
4	0.441012260525	0.278200049489	-0.228498574984	0.641294744282	-0.677594410138
4	0.424578261158	0.278200049489	-0.228498574984	0.641294744282	-0.677594410138
1	0.484662384332	0.292704996564	-0.0757205279969	-0.326768366183	0.895439903896
3	0.399381180721	0.292704996564	-0.0757205279969	-0.326768366183	0.895439903896
4	0.499494105131	0.351158281337	0.532939509977	-0.614532998782	-0.463694439865
4	0.499538918451	0.351158281337	0.532939509977	-0.614532998782	-0.463694439865
2	0.463532634099	0.575040927435	-0.367166523013	-0.459130357595	-0.56896044756
4	0.410327436708	0.575040927435	-0.367166523013	-0.459130357595	-0.56896044756
4	0.454938606452	0.575040927435	-0.367166523013	-0.459130357595	-0.56896044756
2	0.498440772885	0.79909945479	-0.0721585608886	0.0813668467801	0.591280508464
4	0.444607651383	0.79909945479	-0.0721585608886	0.0813668467801	0.591280508464
4	0.426345151551	0.79909945479	-0.0721585608886	0.0813668467801	0.591280508464
2	0.458864476287	0.0359732912554	-0.952452130546	0.295293795046	-0.0658971618659
4	0.415550725992	0.0359732912554	-0.952452130546	0.295293795046	-0.0658971618659
4	0.454455273142	0.0359732912554	-0.952452130546	0.295293795046	-0.0658971618659
1	0.4650133872	0.563532945726	0.637830631983	0.507281337165	-0.135160456312
3	0.434419385765	0.563532945726	0.637830631983	0.507281337165	-0.135160456312
1	0.492646034637	0.819573079305	0.404130585744	-0.403419834219	-0.0472321363449
3	0.372037849512	0.819573079305	0.404130585744	-0.403419834219	-0.0472321363449
4	0.319024183491	0.819573079305	0.404130585744	-0.403419834219	-0.0472321363449
1	0.408056224229	0.218724188505	-0.925537919278	-0.164727508777	0.261541845971
3	0.482290661789	0.218724188505	-0.925537919278	-0.164727508777	0.261541845971
4	0.438408183096	0.218724188505	-0.925537919278	-0.164727508777	0.261541845971
1	0.36941430581	0.603639025604	-0.74062695755	-0.000848289844947	-0.295111702449
4	0.462745095023	0.603639025604	-0.74062695755	-0.000848289844947	-0.295111702449
4	0.483318343042	0.603639025604	-0.74062695755	-0.000848289844947	-0.295111702449
1	0.493362248549	0.788960194277	0.256562960221	0.385196725773	0.404154353859
3	0.360100173604	0.788960194277	0.256562960221	0.385196725773	0.404154353859
2	0.386168248903	0.385088252801	0.792314093851	-0.380304506537	0.281627229769
3	0.484707369837	0.385088252801	0.792314093851	-0.380304506537	0.281627229769
3	0.453294017587	0.385088252801	0.792314093851	-0.380304506537	0.281627229769
4	0.457939159185	0.385088252801	0.792314093851	-0.380304506537	0.281627229769
4	0.474685954168	0.385088252801	0.792314093851	-0.380304506537	0.281627229769
1	0.390621459681	0.00626834342575	0.589398841477	0.295826786461	-0.751702218932
3	0.451529961156	0.00626834342575	0.589398841477	0.295826786461	-0.751702218932
2	0.417141351979	0.920436101193	-0.177590004247	-0.279145409019	-0.208175441964
3	0.416106198987	0.920436101193	-0.177590004247	-0.279145409019	-0.208175441964
4	0.446718083488	0.920436101193	-0.177590004247	-0.279145409019	-0.208175441964
4	0.451220133601	0.920436101193	-0.177590004247	-0.279145409019	-0.208175441964
2	0.453448796556	0.161470069453	-0.272642404892	0.940304665203	0.124179999689
4	0.422260657763	0.161470069453	-0.272642404892	0.940304665203	0.124179999689
4	0.461278421394	0.161470069453	-0.272642404892	0.940304665203	0.124179999689
4	0.492493141043	0.461335096438	0.706947076697	0.339894173663	0.414569306937
4	0.496246686345	0.461335096438	0.706947076697	0.339894173663	0.414569306937
4	0.441002171275	0.461335096438	0.706947076697	0.339894173663	0.414569306937
1	0.421575097671	0.0929881600462	0.100301342641	0.537714517817	-0.831959097603
4	0.478718513789	0.0929881600462	0.100301342641	0.537714517817	-0.831959097603
4	0.483456053574	0.0929881600462	0.100301342641	0.537714517817	-0.831959097603
1	0.45642008843	0.28665642566	-0.463742303027	-0.798270774265	0.255997931564
3	0.420305993234	0.28665642566	-0.463742303027	-0.798270774265	0.255997931564
4	0.357687386703	0.28665642566	-0.463742303027	-0.798270774265	0.255997931564
4	0.474308650602	0.103363605386	0.278377165205	-0.658529256713	-0.691492109158
4	0.464517752009	0.103363605386	0.278377165205	-0.658529256713	-0.691492109158
4	0.483410886452	0.103363605386	0.278377165205	-0.658529256713	-0.691492109158
4	0.477790014947	0.103363605386	0.278377165205	-0.658529256713	-0.691492109158
2	0.450230741614	0.137387310792	-0.381475403808	-0.190508636018	-0.894040101296
3	0.460141692645	0.137387310792	-0.381475403808	-0.190508636018	-0.894040101296
4	0.410492741664	0.137387310792	-0.381475403808	-0.190508636018	-0.894040101296
4	0.477076333468	0.137387310792	-0.381475403808	-0.190508636018	-0.894040101296
2	0.393327875913	0.456618054043	0.147527066857	0.844112706169	-0.239184983957
3	0.422744800853	0.456618054043	0.147527066857	0.844112706169	-0.239184983957
3	0.405517979825	0.456618054043	0.147527066857	0.844112706169	-0.239184983957
4	0.441416216331	0.456618054043	0.147527066857	0.844112706169	-0.239184983957
4	0.451877923926	0.456618054043	0.147527066857	0.844112706169	-0.239184983957
1	0.395737183206	0.502383259656	0.233285892136	-0.594551565476	0.582835473302
3	0.481224330508	0.502383259656	0.233285892136	-0.594551565476	0.582835473302
4	0.448804661147	0.502383259656	0.233285892136	-0.594551565476	0.582835473302
2	0.444152736709	0.228300458808	0.25883125441	-0.077606605743	-0.935340845357
3	0.461982882029	0.228300458808	0.25883125441	-0.077606605743	-0.935340845357
4	0.407849625454	0.228300458808	0.25883125441	-0.077606605743	-0.935340845357
4	0.476599945114	0.228300458808	0.25883125441	-0.077606605743	-0.935340845357
1	0.388803013586	0.109080465279	-0.0850392247533	-0.959295173067	-0.246216476457
3	0.487322162405	0.109080465279	-0.0850392247533	-0.959295173067	-0.246216476457
4	0.454985749145	0.109080465279	-0.0850392247533	-0.959295173067	-0.246216476457
1	0.421795052375	0.600583856692	-0.508709186518	0.573714037298	-0.226641121691
4	0.483582449135	0.600583856692	-0.508709186518	0.573714037298	-0.226641121691
4	0.468282573976	0.600583856692	-0.508709186518	0.573714037298	-0.226641121691
1	0.486852821218	0.00639833395763	0.326352056738	-0.379631522493	0.86564040081
3	0.400082579587	0.00639833395763	0.326352056738	-0.379631522493	0.86564040081
1	0.464531775896	0.336333053702	0.903588320444	0.0467996627012	-0.261185787738
3	0.436882754778	0.336333053702	0.903588320444	0.0467996627012	-0.261185787738
1	0.465068395524	0.654562301017	0.134980372528	-0.675775879165	-0.310894603134
3	0.440812034575	0.654562301017	0.134980372528	-0.675775879165	-0.310894603134
3	0.455369051998	0.825341781096	-0.348971093032	0.15033038009	0.417649251677
3	0.480414033789	0.825341781096	-0.348971093032	0.15033038009	0.417649251677
4	0.455901620729	0.825341781096	-0.348971093032	0.15033038009	0.417649251677
4	0.442549870123	0.825341781096	-0.348971093032	0.15033038009	0.417649251677
2	0.489090009821	0.366226284295	-0.694158369105	-0.461360442981	-0.413725765388
4	0.482249664985	0.366226284295	-0.694158369105	-0.461360442981	-0.413725765388
2	0.458258206853	0.795297010369	0.028803995182	0.601495962057	0.0698255167443
4	0.472394957476	0.795297010369	0.028803995182	0.601495962057	0.0698255167443
4	0.439584994143	0.795297010369	0.028803995182	0.601495962057	0.0698255167443
3	0.390986880143	0.954050493531	0.185872612779	0.0258782419325	0.233600822357
3	0.428144394764	0.954050493531	0.185872612779	0.0258782419325	0.233600822357
4	0.439600628636	0.954050493531	0.185872612779	0.0258782419325	0.233600822357
4	0.416142953222	0.954050493531	0.185872612779	0.0258782419325	0.233600822357
2	0.415304114467	0.0517359075129	-0.476150400118	-0.86773006516	0.132848509057
3	0.447640283237	0.0517359075129	-0.476150400118	-0.86773006516	0.132848509057
3	0.473430131735	0.0517359075129	-0.476150400118	-0.86773006516	0.132848509057
4	0.487955313963	0.0517359075129	-0.476150400118	-0.86773006516	0.132848509057
4	0.474206504268	0.0517359075129	-0.476150400118	-0.86773006516	0.132848509057
4	0.498718010936	0.552016528837	-0.663521520521	-0.440113366129	0.247623037398
4	0.498730146883	0.552016528837	-0.663521520521	-0.440113366129	0.247623037398
4	0.468673500306	0.269229374464	0.0973002739792	0.5683644801	0.771368924945
4	0.484332129854	0.269229374464	0.0973002739792	0.5683644801	0.771368924945
4	0.467423151033	0.269229374464	0.0973002739792	0.5683644801	0.771368924945
4	0.479116517282	0.269229374464	0.0973002739792	0.5683644801	0.771368924945
2	0.438442058936	0.0693925178728	0.933322528108	0.0105672338328	0.352110878217
4	0.454068596014	0.0693925178728	0.933322528108	0.0105672338328	0.352110878217
4	0.466547238854	0.0693925178728	0.933322528108	0.0105672338328	0.352110878217
2	0.471765087242	0.468706639596	0.421773125982	0.600687299325	-0.491524449675
4	0.485045156886	0.468706639596	0.421773125982	0.600687299325	-0.491524449675
4	0.388860575795	0.468706639596	0.421773125982	0.600687299325	-0.491524449675
1	0.379654843131	0.771047564632	-0.0278059975896	-0.449776801023	0.449903666171
3	0.491715802967	0.771047564632	-0.0278059975896	-0.449776801023	0.449903666171
4	0.460666920996	0.771047564632	-0.0278059975896	-0.449776801023	0.449903666171
1	0.375155233437	0.0548395698405	-0.672343371589	0.56252779005	0.478026670471
3	0.48650082237	0.0548395698405	-0.672343371589	0.56252779005	0.478026670471
3	0.435979031747	0.0548395698405	-0.672343371589	0.56252779005	0.478026670471
4	0.453740419626	0.0548395698405	-0.672343371589	0.56252779005	0.478026670471
1	0.479396739546	0.0489625751779	0.415832740248	0.498705390902	0.758932626427
4	0.438651084121	0.0489625751779	0.415832740248	0.498705390902	0.758932626427
4	0.423773018574	0.0489625751779	0.415832740248	0.498705390902	0.758932626427
1	0.395152408789	0.737375928087	-0.0784860982451	0.290560017707	-0.60472435801
3	0.486545246356	0.737375928087	-0.0784860982451	0.290560017707	-0.60472435801
4	0.450068489688	0.737375928087	-0.0784860982451	0.290560017707	-0.60472435801
3	0.423623386858	0.0793335958451	0.212526753949	-0.948906823132	0.219349949713
3	0.39283223654	0.0793335958451	0.212526753949	-0.948906823132	0.219349949713
4	0.413346819458	0.0793335958451	0.212526753949	-0.948906823132	0.219349949713
1	0.445262643213	0.340213056501	0.726875074752	-0.305283581675	-0.51255208189
4	0.418181953174	0.340213056501	0.726875074752	-0.305283581675	-0.51255208189
4	0.451756728329	0.340213056501	0.726875074752	-0.305283581675	-0.51255208189
1	0.412349607981	0.580702503896	-0.12947026589	-0.513285411583	-0.618514461007
3	0.474378605548	0.580702503896	-0.12947026589	-0.513285411583	-0.618514461007
4	0.434634815182	0.580702503896	-0.12947026589	-0.513285411583	-0.618514461007
3	0.482549582884	0.404142071454	-0.503585403429	0.763590128444	-0.00102140996119
3	0.456801036618	0.404142071454	-0.503585403429	0.763590128444	-0.00102140996119
4	0.456500079068	0.404142071454	-0.503585403429	0.763590128444	-0.00102140996119
4	0.470226873002	0.404142071454	-0.503585403429	0.763590128444	-0.00102140996119
2	0.46752165139	0.165661225639	0.632578463145	-0.318828818009	0.68611152963
3	0.479144179969	0.165661225639	0.632578463145	-0.318828818009	0.68611152963
4	0.381094786776	0.165661225639	0.632578463145	-0.318828818009	0.68611152963
4	0.489145862137	0.165661225639	0.632578463145	-0.318828818009	0.68611152963
2	0.484462581629	0.58241699874	0.368438325777	0.180799594534	-0.701680230799
4	0.491951211112	0.58241699874	0.368438325777	0.180799594534	-0.701680230799
4	0.44288305943	0.406727263145	0.512624796612	-0.67161175362	-0.347457053047
4	0.470043397739	0.406727263145	0.512624796612	-0.67161175362	-0.347457053047
4	0.469498140452	0.406727263145	0.512624796612	-0.67161175362	-0.347457053047
4	0.468350265214	0.757246610593	-0.62949654965	-0.0243582794045	0.172390077874
4	0.476364011677	0.757246610593	-0.62949654965	-0.0243582794045	0.172390077874
4	0.484042605319	0.757246610593	-0.62949654965	-0.0243582794045	0.172390077874
4	0.479191163192	0.757246610593	-0.62949654965	-0.0243582794045	0.172390077874
1	0.374516288175	0.657747155945	-0.2127250631	0.094546178418	-0.716364255474
3	0.46001789661	0.657747155945	-0.2127250631	0.094546178418	-0.716364255474
4	0.447714894718	0.657747155945	-0.2127250631	0.094546178418	-0.716364255474
1	0.392332519249	0.293940603501	0.83804859052	0.458269106553	0.0355374101397
3	0.454891666097	0.293940603501	0.83804859052	0.458269106553	0.0355374101397
3	0.465261621895	0.293940603501	0.83804859052	0.458269106553	0.0355374101397
4	0.417145605372	0.293940603501	0.83804859052	0.458269106553	0.0355374101397
3	0.480466910835	0.623759007708	0.470662805869	-0.597856961935	0.178796746447
3	0.458890489905	0.623759007708	0.470662805869	-0.597856961935	0.178796746447
4	0.466424555741	0.623759007708	0.470662805869	-0.597856961935	0.178796746447
4	0.477927146415	0.623759007708	0.470662805869	-0.597856961935	0.178796746447
3	0.413296423352	0.304311084867	-0.490317786537	-0.0256346826902	0.816287997508
3	0.41133948845	0.304311084867	-0.490317786537	-0.0256346826902	0.816287997508
4	0.434603938916	0.304311084867	-0.490317786537	-0.0256346826902	0.816287997508
4	0.435837268069	0.304311084867	-0.490317786537	-0.0256346826902	0.816287997508
2	0.445013730468	0.379092782873	-0.750730337658	-0.481128125465	-0.247403211337
3	0.497048628836	0.379092782873	-0.750730337658	-0.481128125465	-0.247403211337
4	0.491686207385	0.379092782873	-0.750730337658	-0.481128125465	-0.247403211337
1	0.366642443515	0.400460568922	-0.37313939615	0.574437865197	0.608620951666
3	0.395598447255	0.400460568922	-0.37313939615	0.574437865197	0.608620951666
3	0.417518154923	0.400460568922	-0.37313939615	0.574437865197	0.608620951666
4	0.424265591237	0.400460568922	-0.37313939615	0.574437865197	0.608620951666
4	0.41026146402	0.400460568922	-0.37313939615	0.574437865197	0.608620951666
1	0.464992661743	0.391659332683	0.264212987007	0.225683576624	0.851974992509
3	0.4397759393	0.391659332683	0.264212987007	0.225683576624	0.851974992509
1	0.421435761735	0.276641020694	-0.0948753575356	0.821038604769	-0.490269335856
4	0.446178167744	0.276641020694	-0.0948753575356	0.821038604769	-0.490269335856
4	0.427024018548	0.276641020694	-0.0948753575356	0.821038604769	-0.490269335856
4	0.476590827225	0.276641020694	-0.0948753575356	0.821038604769	-0.490269335856
1	0.467312471331	0.531835633015	0.051223467028	-0.585155503577	0.610016436266
3	0.425444363214	0.531835633015	0.051223467028	-0.585155503577	0.610016436266
